0  0  0  2.4001  2.4001 
0.983575600656733  1  0.15960220989171  2.4001  2.70342095169511 
0.972596382108266  0  0.17916428620087  2.4001  2.80371012904509 
1.02891359310036  0  0.140633432235617  2.4001  3.05604463631533 
0.866011254977564  0  0.108637461880695  2.4001  2.74815566274496 
0.779674389727579  0  0.0912544755383345  2.4001  2.34214026799333 
0.641608026881313  0  0.077419510082517  2.4001  2.70284663270184 
0.653264150890489  0  0.0501451054300546  2.4001  2.70657772241543 
0.779639838116229  0  0.0812686548045738  2.4001  2.71443286011002 
0.924731501686882  0  0.119951309973961  2.4001  2.82686506661666 
1.27246052637791  1  0.154411680410997  2.4001  2.70415203712437 
0.901599165802589  0  0.118689859807306  2.4001  2.98593822553823 
0.667629348795816  0  0.101906217422953  2.4001  2.6617054059184 
0.770842775799921  0  0.0990792186368762  2.4001  2.93004063557295 
0.88716573109648  0  0.13525443590627  2.4001  2.70711956912708 
0.843591990881604  0  0.0772070765232168  2.4001  2.96403599947106 
0.829958430315605  0  0.0836561960677021  2.4001  2.73116845132484 
1.03397526037542  0  0.122236862874364  2.4001  2.93141836493718 
0.636944120176277  0  0.0569329087321937  2.4001  2.68420153493139 
0.622242193999246  0  0.051324128521053  2.4001  2.55278557061437 
0.882100155636134  0  0.106296899791774  2.4001  2.73509423836713 
0.669321821810089  0  0.0714953721508861  2.4001  2.5746571357122 
0.696286575321631  0  0.0748563390786425  2.4001  2.46000004067077 
0.968805259772889  0  0.0965164690121367  2.4001  2.67553815445515 
0.772241803234426  0  0.0793031735613199  2.4001  2.73015000110619 
0.772327763575773  0  0.0736373684830568  2.4001  2.45255240654151 
0.626135224318484  0  0.100736142233225  2.4001  2.74964266320729 
0.887803443240636  0  0.11289951285684  2.4001  2.68684682039663 
0.4726933982818  0  0.0421579916142049  2.4001  2.62992303473881 
0.701320487947336  0  0.0794265607178943  2.4001  2.54812734549275 
0.740996557001977  0  0.0678359970990965  2.4001  2.6464329116946 
0.787396432879997  0  0.109301145556599  2.4001  2.78957091778913 
0.73649645255225  0  0.105043715834605  2.4001  2.43533697856472 
0.756599304372656  0  0.124581327671555  2.4001  2.55413159535886 
0.803629070279216  0  0.101732985958821  2.4001  2.78115625583357 
0.779818283543489  0  0.0931906220783417  2.4001  2.76679882735568 
0.928404414506585  0  0.116254821554275  2.4001  2.48421220136081 
0.603481654523488  0  0.0396551035277758  2.4001  2.72780802151835 
0.722803073248325  0  0.0786051839760861  2.4001  2.85087840540277 
0.976787385949399  0  0.106593846494771  2.4001  2.51284510745771 
1.00776544488853  0  0.152450806138307  2.4001  2.76064735422973 
0.755018219983042  0  0.103248093296902  2.4001  2.73500210893208 
0.813799424274715  0  0.107810263045725  2.4001  2.91109283835224 
0.611021129788362  0  0.054148267900436  2.4001  2.50907906805651 
0.640094700440555  0  0.0608421298762828  2.4001  2.77938261587401 
0.656727663206462  0  0.101333129540563  2.4001  2.67822404855906 
0.54532940236131  0  0.0471224331384713  2.4001  2.67598607004136 
0.797033039117958  0  0.0834702101023228  2.4001  2.77573117238123 
0.715611416016406  0  0.071681718303633  2.4001  2.50451353704077 
0.997110442937358  0  0.136328033005536  2.4001  2.92674914709229 
0.722655277480857  0  0.0893656259302229  2.4001  2.59080039729589 
0.827446249867815  0  0.0812580893336501  2.4001  2.52401661639356 
1.19743617728261  0  0.147828712291113  2.4001  3.00459193468098 
1.02621828792491  1  0.13366113293989  2.4001  2.70452527377502 
1.16500804246317  0  0.218225971304311  2.4001  2.94729738692089 
0.931526321269861  0  0.11721878452968  2.4001  2.99825308864815 
0.790833122683114  0  0.0699339431694781  2.4001  2.67117114579145 
0.804359836365943  0  0.152204149863616  2.4001  2.85101604967911 
0.537381517248597  0  0.0457654833523029  2.4001  2.3491493790091 
0.817661016426017  0  0.0675764970736369  2.4001  2.72440235840475 
0.710763857342789  0  0.104265502243531  2.4001  2.76858953671117 
0.827840688235483  0  0.100302075140961  2.4001  2.40713265052521 
0.703827996538358  0  0.092241353639118  2.4001  2.48670599936324 
0.906227585995857  0  0.152056280908956  2.4001  2.50934303557569 
0.382633123051384  0  0.0187872039751031  2.4001  2.57724079594084 
0.675430479862943  0  0.0725117881900678  2.4001  2.47660057126664 
0.716897692706958  0  0.0820680578388757  2.4001  2.48416066067674 
1.49110260543421  1  0.272486140421842  2.4001  3.08226525533431 
1.10119947390324  0  0.273511917040775  2.4001  2.98118905196008 
0.675532109487228  0  0.0599558246739968  2.4001  2.75842080550006 
0.536995819091859  0  0.042681353205996  2.4001  2.62977133577134 
0.853046974122444  0  0.0925188214402468  2.4001  2.51004110508292 
0.603967916450634  0  0.0421061075425752  2.4001  2.46994778170099 
1.16960120303348  1  0.222506806877303  2.4001  2.67786444816928 
0.934441073890031  0  0.0959605418969443  2.4001  2.93610502642714 
0.741191822343717  0  0.0743405156940607  2.4001  2.81737642616629 
0.609092265804806  0  0.050033983538052  2.4001  2.69811539674452 
0.798261999617342  0  0.068606617665935  2.4001  2.9058811598205 
0.697126770363271  0  0.079690258587579  2.4001  2.33857071358494 
0.861159494650931  0  0.0820742037815355  2.4001  2.70998035075625 
0.776379506654824  0  0.0837493835190895  2.4001  2.70131202811896 
0.692808841343141  0  0.0773430083255342  2.4001  2.64608895972583 
0.939664148037819  0  0.138253549185187  2.4001  2.50763886551767 
0.704100555307376  0  0.0935511372567552  2.4001  2.67216753544077 
0.720881971740009  0  0.0978506180316486  2.4001  2.73090095866816 
0.797738442636541  0  0.143679581338581  2.4001  2.65804764505903 
0.686487090109189  0  0.0683278318398075  2.4001  2.76917113901321 
0.917403306560664  0  0.0953914840529762  2.4001  2.55083614944775 
0.701169820320612  0  0.0701958670524041  2.4001  2.45070626185936 
0.79760585298801  0  0.0743747790688229  2.4001  2.76345699186114 
0.71367753521832  0  0.106173572430722  2.4001  2.53377335041 
0.830118119175308  0  0.0883154814979564  2.4001  2.33734155396236 
0.746853611081579  0  0.0770994600411207  2.4001  2.70109377768014 
0.805179143858019  0  0.0970905117397044  2.4001  3.1430838017399 
0.959316466030471  0  0.101474240832665  2.4001  2.7607879378388 
0.743418752993366  0  0.104525772738522  2.4001  2.72981911490879 
0.500788991317178  0  0.0414352371948993  2.4001  2.64472147765479 
1.07697781917976  0  0.13516705839117  2.4001  3.01669966286899 
0.564139318986886  0  0.0436224390233955  2.4001  2.4896378545082 
0.694607202934058  0  0.0840619452285208  2.4001  2.77517519381426 
0.813486712150276  0  0.0970707626478625  2.4001  2.66071415921435 
0.592179276573399  0  0.0517429635354816  2.4001  2.64668859227797 
0.948728661830209  0  0.153989697866874  2.4001  2.48761187048349 
0.612501472498281  0  0.0608060442079546  2.4001  2.75493599751611 
0.825459635598787  0  0.134364449919469  2.4001  2.61959789489346 
1.03768115150593  0  0.137137651242746  2.4001  2.76345767884306 
0.690373730049916  0  0.0951642440298284  2.4001  2.70736830730625 
1.02715800636915  0  0.113078060680598  2.4001  2.75932173479548 
0.69352445130474  0  0.051956788154852  2.4001  2.66903029145494 
0.531622195741852  0  0.0325008606372038  2.4001  2.51634350287305 
0.903452769248123  0  0.108188656759275  2.4001  2.76634589886292 
0.568877828651074  0  0.0411399167446418  2.4001  2.49759898844822 
0.668090105123683  0  0.071086064414524  2.4001  2.90798643200663 
1.01920866607359  0  0.119983637013169  2.4001  3.06490362847636 
0.746094874321901  0  0.105194949707717  2.4001  2.81647807212751 
1.04708819224787  0  0.142479390292036  2.4001  3.01011974860711 
0.731894883706159  0  0.0613186270499637  2.4001  2.59253694003099 
1.10678166285138  0  0.173711532890033  2.4001  3.0053663462653 
0.87989555750512  0  0.095334233362156  2.4001  2.85896368391076 
0.750083933612736  0  0.0880109952406822  2.4001  2.61922564835547 
0.658007749839296  0  0.0635313730176936  2.4001  2.64438724597708 
0.706003890220974  0  0.0571834403035095  2.4001  2.69935469885301 
0.771353498013427  0  0.10148171204604  2.4001  2.48790859236387 
0.616358432140762  0  0.0457742311781257  2.4001  2.69175052829305 
0.756543699919836  0  0.0592379079108555  2.4001  2.73636596556023 
1.01026725981553  0  0.203816232609051  2.4001  2.73737126854597 
0.730421848232306  0  0.0514544497576135  2.4001  2.36241811038916 
0.710753622774897  0  0.0692977367574875  2.4001  2.98331719937097 
0.954800485178135  0  0.105696847498035  2.4001  2.68270446565553 
0.609111290118517  0  0.0517768085040256  2.4001  2.66963887227147 
0.749279159094091  0  0.0900942426685095  2.4001  2.50921563221323 
0.718796019702952  0  0.0692677740730146  2.4001  2.5026213707578 
0.925366080879051  0  0.133991508703646  2.4001  2.8774303145204 
0.939051392623603  0  0.145506622564009  2.4001  2.73796918964723 
1.22952710119497  0  0.22494950302731  2.4001  2.78849988282912 
0.651245093850285  0  0.0758547902214469  2.4001  2.65496560630985 
0.692051298319246  0  0.0510449275300946  2.4001  2.71692233122081 
1.12264355655342  0  0.192966632109324  2.4001  2.80783370714362 
0.781116637364342  0  0.114384389033378  2.4001  2.60219604436643 
0.735886166295771  0  0.0739701750939321  2.4001  2.42055648861245 
0.675186249318543  0  0.0602872147512257  2.4001  2.69043600598194 
0.822345661305558  0  0.0823717066147315  2.4001  2.84201617307895 
0.704085258333957  0  0.0955409094117305  2.4001  2.75808224541054 
0.559331600392008  0  0.048987364252921  2.4001  2.56296536612439 
0.475094824466979  0  0.0356857011258788  2.4001  2.68139473467702 
0.779825310985484  0  0.083365051714939  2.4001  2.81638093603058 
0.926086580266084  0  0.101787770038599  2.4001  2.63930114143097 
0.731756167436733  0  0.0660801909970655  2.4001  2.5998675496954 
0.513118198739965  0  0.0424409002131212  2.4001  2.54754542058539 
0.666786161794058  0  0.0545157068511392  2.4001  2.79551544549778 
0.949144476319484  0  0.119348966395328  2.4001  2.95909239387339 
0.879403188459474  0  0.1393766883085  2.4001  2.86135483012157 
1.23320649920627  0  0.205610227163886  2.4001  2.835385268467 
0.868388507845887  0  0.083890790502685  2.4001  2.57124726810287 
0.8059488842429  1  0.116066999027784  2.4001  2.99948762655877 
0.886328511809455  0  0.0925880479708213  2.4001  2.62322325175693 
0.588455140547449  0  0.0567274853061992  2.4001  2.56807708129051 
1.08188502492445  0  0.152068962377977  2.4001  2.66224249871436 
0.783074560138285  0  0.0723454469051339  2.4001  2.45240479058379 
0.67366181631106  0  0.0550041711087966  2.4001  2.48116120032357 
0.631730265461131  0  0.0448770000490906  2.4001  2.51332515468428 
0.888706612320799  0  0.105068576013862  2.4001  2.68515228398778 
0.761417265126174  0  0.133330218191259  2.4001  2.67757661311687 
0.79831094098421  0  0.0964092919448891  2.4001  2.76521708047966 
0.66090057943505  0  0.044248420589277  2.4001  2.68640584524 
0.817864451706469  0  0.0685124623311837  2.4001  2.56233857046833 
0.74896487689012  0  0.0800320114079131  2.4001  2.81641757583885 
0.811889751889496  0  0.0800658152315656  2.4001  2.6900088330836 
0.817231359600147  0  0.0755442122551476  2.4001  2.49757878674288 
0.459097037661143  0  0.0258678459783584  2.4001  2.71237618649862 
0.629698303735951  0  0.0548705496158583  2.4001  2.57570355338921 
0.711625599154542  0  0.12387585572982  2.4001  2.80232455931273 
0.681664948273503  0  0.0713510293642913  2.4001  2.48739600165341 
0.551000968615288  0  0.0521535276923686  2.4001  2.62103489784513 
0.942905417358147  0  0.0858680762594334  2.4001  2.68443406754927 
0.539214200224914  0  0.05284154900372  2.4001  2.38652124595659 
1.25867283899149  0  0.260873475387484  2.4001  2.72513430156596 
0.637777593910282  0  0.0686377742786734  2.4001  2.36470304137015 
0.974548455413228  0  0.11769612145373  2.4001  2.84010774123904 
1.13794674342971  0  0.245270621040231  2.4001  2.71463320405218 
0.8236532622142  0  0.0876521198041057  2.4001  2.55531586864976 
0.956402664727805  0  0.156536044077273  2.4001  2.61819820921556 
0.927812766305207  0  0.0979298735890127  2.4001  2.51239079342062 
1.09743720750698  0  0.124124876882886  2.4001  3.00287952297357 
0.805461714563934  0  0.0955850051925968  2.4001  2.85048995049229 
1.05504368741327  0  0.147207780119135  2.4001  2.7506077488993 
0.616430806892514  0  0.0439522326799433  2.4001  2.42036527663111 
0.777036440793305  0  0.0917286284161893  2.4001  2.57173620484802 
0.522641040303988  0  0.0489022753631696  2.4001  2.5752992549358 
0.574033651415009  0  0.0364072897715749  2.4001  2.70919819692578 
0.786137339075553  0  0.0958730766901859  2.4001  2.42150488960947 
0.832819198652684  0  0.0778087730579131  2.4001  2.44764568320524 
0.694125790175945  0  0.0574482518758767  2.4001  2.62272009304927 
0.945731511506093  1  0.112063363225415  2.4001  2.5739993587829 
0.994224635865447  0  0.154069139928234  2.4001  3.11651545439591 
0.393992983435095  0  0.0323959105838453  2.4001  2.59372422508457 
1.26142884776605  0  0.244165284861346  2.4001  2.97838017461591 
0.882516688311591  0  0.0937595946559927  2.4001  2.80074177035615 
0.624603500956594  0  0.0924723061970599  2.4001  2.84925608319837 
0.676293389219717  0  0.0571374485815818  2.4001  2.46970080361334 
0.749365230926353  0  0.113228038935514  2.4001  2.55015995903378 
0.708365093936877  0  0.0595260454455635  2.4001  2.5313001761335 
0.723551778707195  0  0.0739647948683972  2.4001  2.4206436367932 
0.83781007461629  0  0.0975428671933424  2.4001  2.73774605739464 
1.03573677454184  0  0.136575644843622  2.4001  2.83969043109137 
0.609507824117079  0  0.0604382208344201  2.4001  2.41697122933843 
0.615103300798439  0  0.0571666231137605  2.4001  2.47278117768588 
0.429353855965112  0  0.0352555537060073  2.4001  2.49147962062902 
0.905399242954641  0  0.0826276873205305  2.4001  2.82169779389627 
0.787540971483836  0  0.0738698526348821  2.4001  2.78202561902447 
0.811902041621313  0  0.0741679185599864  2.4001  2.82916039978835 
0.91498979029808  1  0.144784596401408  2.4001  2.75453059197617 
0.553004426611719  0  0.0366210751448371  2.4001  2.6065660358791 
0.688072289072497  0  0.0721584886153039  2.4001  2.57812376511722 
0.905977979865877  0  0.0968127661544895  2.4001  2.68189205904893 
0.497699424874058  0  0.0489555444166702  2.4001  2.65713178913833 
0.655040808196488  0  0.0905042473382351  2.4001  2.54139962095407 
0.728410863454995  0  0.09196670183646  2.4001  2.82284585812785 
0.903254997018403  0  0.126929267811101  2.4001  2.66982540676932 
0.98255983412222  0  0.117099662451525  2.4001  2.46876470237738 
0.677659822278467  0  0.0612407340086353  2.4001  2.52181102566992 
0.998785874769122  0  0.162118038405025  2.4001  2.741738601338 
0.960915427995281  1  0.0924699706883897  2.4001  2.43821726340693 
0.860995012463231  0  0.137274864881978  2.4001  2.68364849724563 
0.904560351199727  0  0.156745481598262  2.4001  2.69523670056091 
0.988132976786666  0  0.140765689760165  2.4001  2.76718164659386 
0.722603808128242  0  0.0661166448540763  2.4001  2.69382533309908 
0.57166011076131  0  0.0789965709146307  2.4001  2.4604409218208 
0.782411781006402  0  0.0854163652312043  2.4001  2.65046753385044 
0.737624563888849  0  0.118854041163252  2.4001  2.49437459593381 
0.477444100086131  0  0.026359235160265  2.4001  2.61277669062641 
0.931819368125803  0  0.112152360397676  2.4001  2.75020666887884 
0.803126828007302  0  0.0674829809591858  2.4001  2.94163809598882 
0.682718999521246  0  0.0583776488276067  2.4001  2.58278879474448 
0.705292642988679  0  0.0737189044791358  2.4001  2.69539097573856 
0.755681613834026  0  0.0954509598625514  2.4001  2.31848249695314 
0.937897531026134  0  0.155499325768953  2.4001  2.56512529316089 
0.827946912593567  0  0.0986952711636821  2.4001  2.76395030111853 
0.584049286195535  0  0.0423585036203971  2.4001  2.40170210641509 
0.922172281183951  1  0.169944662512389  2.4001  2.59452934369037 
0.550629721604851  0  0.0437459334168594  2.4001  2.4451395195535 
0.692164701918969  0  0.0669573758937495  2.4001  2.51157566234264 
1.09857622452683  0  0.155441878375262  2.4001  2.79475273772592 
0.863323148785018  0  0.0926610832841761  2.4001  2.75361908285634 
0.674324763082034  0  0.0636299286436512  2.4001  2.44227266844889 
0.745977144265758  0  0.0916855047310866  2.4001  2.68948943286301 
1.00891123679538  0  0.148196686374556  2.4001  2.88645408358915 
1.13580825609039  0  0.15270599979717  2.4001  2.81676509343686 
1.02374303562597  0  0.165591617786017  2.4001  2.75963234384754 
0.65779654747626  0  0.128201004347699  2.4001  2.75843656709143 
1.00854183816983  0  0.113020250137252  2.4001  2.7551332002766 
0.904150522847953  0  0.155603667052756  2.4001  3.01898725707257 
0.923615732625706  0  0.121022549258493  2.4001  2.67296019747321 
0.682230456083118  0  0.0611779141821639  2.4001  2.56668819496101 
0.82951391497758  0  0.109019667919863  2.4001  2.69743771001241 
1.24000571128641  0  0.218309261029649  2.4001  2.83948330781916 
0.711264814856603  0  0.0774516796867041  2.4001  2.2671550838142 
0.732441709588709  0  0.0938641965022169  2.4001  2.53819331644127 
0.628825959009416  0  0.0586175146580114  2.4001  2.68894968843298 
0.79339808626723  0  0.13686101516351  2.4001  2.52695680885717 
0.480399055848822  0  0.0309265842475663  2.4001  2.6042343245699 
0.68413404528432  0  0.0700833837643482  2.4001  3.00126311703711 
0.687469010959261  0  0.058203973217046  2.4001  2.6896529053514 
0.958854529126014  0  0.152400116826257  2.4001  2.79914694762671 
0.848300552721239  0  0.0834357640571576  2.4001  2.81458561530785 
0.945178414132356  0  0.10523607355355  2.4001  2.77351664694797 
0.524470969457748  0  0.0457581750212249  2.4001  2.48627417654911 
0.804588354063044  0  0.0867897411710533  2.4001  2.86977264091657 
0.711651184400653  0  0.0733427674238321  2.4001  2.31645371351149 
0.69702321606072  0  0.0740475771617458  2.4001  2.83053785869015 
0.853573164902237  0  0.0944541747149134  2.4001  2.33522313113627 
0.682538132469666  0  0.0771487250503836  2.4001  2.85277500081459 
1.01780723272686  0  0.1759510368442  2.4001  3.04361398035096 
0.9724881718531  0  0.108703845272653  2.4001  2.7903308789913 
0.752801922412941  0  0.0871144598889915  2.4001  2.64054588969663 
0.518847300095912  0  0.0517512490492557  2.4001  2.52513609222139 
0.690350200749054  0  0.0584190285160003  2.4001  2.54978435013082 
0.890118425558968  0  0.110474623303877  2.4001  2.68273929850875 
0.891213798169553  0  0.121960586702748  2.4001  2.51039218384207 
0.836231488512492  0  0.124346693526238  2.4001  2.68019573092131 
0.814118618435281  0  0.0749998392913932  2.4001  2.86210474907744 
0.991985751796391  0  0.119021442679608  2.4001  2.88265486015907 
0.725834335706996  0  0.0633772156817418  2.4001  2.57253915891353 
0.926428051820188  0  0.0940263703324883  2.4001  3.11313444498424 
0.80452396900767  0  0.0783818397980934  2.4001  2.36034933661853 
0.871844949689944  0  0.105388902490353  2.4001  2.75632824309068 
0.778975698739674  0  0.102863475088763  2.4001  2.68724807069254 
0.932880435127741  0  0.100726845023215  2.4001  2.88229004655499 
0.720165353346551  0  0.105638788548613  2.4001  2.68325839295609 
1.14823285326634  0  0.152055089966434  2.4001  3.07264365575505 
0.687765200668258  0  0.0602525483294794  2.4001  2.5305262037477 
0.949891828744818  0  0.10992317525092  2.4001  2.81325772242606 
0.933523539423613  0  0.10169148354088  2.4001  2.38269985096361 
0.672154495333264  0  0.099841283175814  2.4001  2.53418833948283 
0.768541496615781  0  0.0905312728022692  2.4001  2.73734618690993 
0.736037052078591  0  0.0789943452530862  2.4001  2.58867502390907 
0.812518021092133  0  0.0676450429422941  2.4001  2.03721881498291 
0.736288835499883  0  0.0866110118501738  2.4001  2.62069497628854 
0.735104900184855  0  0.0928005515356374  2.4001  2.44734076073496 
1.07770475535651  0  0.126286702758696  2.4001  2.55480783976666 
0.642812803645057  0  0.0842805808292994  2.4001  2.71851019449617 
0.978142705225983  0  0.154085282420234  2.4001  3.01725102778764 
1.07010294997366  0  0.130000726751848  2.4001  2.70809504872427 
0.65593092756527  0  0.0487582184095669  2.4001  2.65487151377505 
0.541717823492722  0  0.0411677179327073  2.4001  2.43493872873798 
0.663431650073033  0  0.0700469618344747  2.4001  2.66176490035933 
0.766197363607819  0  0.0700394228100394  2.4001  2.65600083031809 
0.746284627995469  0  0.0661395198624618  2.4001  2.85834590803383 
0.894180755725912  0  0.0862578867501526  2.4001  2.77853008292515 
0.741831483473602  0  0.0725642351373082  2.4001  2.53461313303215 
0.642364141899163  0  0.0869793715060183  2.4001  2.54721553993851 
0.650486531818604  0  0.0885727096438079  2.4001  2.7920175916248 
0.646532533769728  0  0.0757698535620391  2.4001  2.43544343273346 
0.816341537102055  0  0.0956076778714372  2.4001  2.78853313122118 
0.588266350078163  0  0.0719383580166998  2.4001  2.57841095452193 
0.96879383768919  0  0.12605396142639  2.4001  2.63257432636081 
0.832389572999607  0  0.131166210030458  2.4001  2.57702401089778 
0.574181841849433  0  0.0352898991643694  2.4001  2.32802049542421 
0.965153756068922  0  0.147286784819607  2.4001  2.63042672293646 
0.728076992583784  0  0.0971571339165741  2.4001  2.68871823428711 
0.701219355313979  0  0.0597670201292439  2.4001  2.62927935790801 
0.687893156338534  0  0.050656281589382  2.4001  2.6000849473203 
0.700118947372514  0  0.0582405081780048  2.4001  2.8173945395828 
0.690138682399797  0  0.0662005286938397  2.4001  2.62609442351042 
1.07150388023513  0  0.168450574500785  2.4001  2.81092132508883 
1.10146897179238  0  0.143014024388592  2.4001  2.77817872581504 
0.880532272678398  0  0.132671617887557  2.4001  2.7357034100521 
0.758215419632687  0  0.106239878898396  2.4001  2.94222989373173 
0.670743012632947  0  0.0589292403250557  2.4001  2.6895836285415 
0.896608879808867  0  0.123398596999385  2.4001  2.71142917001311 
0.580055340321309  0  0.0552019156175252  2.4001  2.72351949818212 
0.796143049694308  0  0.066660593457982  2.4001  2.69531246175962 
0.749507482719069  0  0.117192969966814  2.4001  2.60589861574156 
0.871293514756037  0  0.0956320844870636  2.4001  2.8107134141012 
1.27799883083991  0  0.178576328289013  2.4001  3.10692615290627 
0.93291779141549  0  0.114781247273979  2.4001  2.45775693937247 
1.08854656693375  0  0.152174439836658  2.4001  2.77962599810383 
0.53636843614917  0  0.0368645346570755  2.4001  2.71082769829931 
0.589650699247466  0  0.0497194233602449  2.4001  2.45695986270303 
1.04160842466209  0  0.125159459598086  2.4001  2.71097204714474 
0.729755229988043  0  0.083357364368943  2.4001  2.64753260359223 
0.83271019307036  0  0.111665857372549  2.4001  2.67877565530036 
0.914975044153993  0  0.150409459680753  2.4001  2.72663649182141 
0.724298084765306  0  0.0604139311582336  2.4001  2.65847754503192 
0.87784906639031  0  0.107806299058664  2.4001  2.78060488827046 
0.642648980301346  0  0.061918920882607  2.4001  2.37972583507658 
0.756696162365209  0  0.0977033310487948  2.4001  2.5771494442156 
1.05073368559928  0  0.130832933295273  2.4001  2.9298116142407 
0.572865717689285  0  0.0558603046311036  2.4001  2.65524847782499 
0.747141720979159  0  0.0593919435763872  2.4001  2.36361748975432 
0.855926751098044  0  0.0977344450076146  2.4001  2.84213965426622 
0.951062363248024  0  0.238177741577206  2.4001  3.06770408263857 
0.603356263806177  0  0.0513441565557491  2.4001  2.64509137340824 
0.990324783255852  0  0.109991181534711  2.4001  2.80751995428915 
0.883770688829163  0  0.118787912712652  2.4001  2.74303152225697 
0.664671483326503  0  0.0686720607191201  2.4001  2.76483552609246 
1.00267092340784  0  0.126063592142892  2.4001  2.72716324994639 
0.594054806639466  0  0.0789567235749728  2.4001  2.57896183454235 
0.945670460885142  0  0.135290631935032  2.4001  2.63794736662043 
0.772436946449447  0  0.0765516796934828  2.4001  2.56494757295622 
0.861992661966967  0  0.107502174891778  2.4001  2.73302909424247 
0.876282621105032  0  0.118652490155374  2.4001  2.52021737104101 
0.774797728947675  0  0.0797277223754189  2.4001  3.0087172862954 
1.0927378105014  0  0.147301762406665  2.4001  2.67359775551176 
0.770009165007104  0  0.0746817283267558  2.4001  2.58952982358735 
0.756235351600463  0  0.0964935796648976  2.4001  2.48252528475163 
0.551125282276007  0  0.0445798239401864  2.4001  2.53651176292082 
1.06672506184945  0  0.13538497719881  2.4001  2.88154268656785 
0.712256167826935  0  0.0566208908183959  2.4001  2.37128062405997 
0.645317587147461  0  0.0495242564539899  2.4001  2.79793465735275 
0.974313580886143  0  0.109922750904421  2.4001  2.43327163235934 
0.621632044020089  0  0.0425680405988333  2.4001  2.47101376694389 
0.855681353746393  0  0.115767780891752  2.4001  2.60863108053058 
0.496471743061373  0  0.038748987737564  2.4001  2.53724652957456 
0.934093219816794  0  0.0829498631765904  2.4001  2.87032754501064 
0.594084942862048  0  0.0445961923473797  2.4001  2.73642492310513 
0.651254722528385  0  0.0843946994935057  2.4001  2.55620456949314 
0.754672760378757  0  0.0669419021351758  2.4001  2.52262702005965 
0.838745755635183  0  0.10196481240457  2.4001  2.65614504766339 
0.733785139121518  0  0.0582494416623847  2.4001  2.41903995395501 
0.699924858478309  0  0.0671559726256297  2.4001  2.65902149661748 
0.76030550137943  0  0.0908193896971078  2.4001  2.59786661712917 
1.06490805629704  0  0.225185161522884  2.4001  2.87474643186772 
0.832482950156433  0  0.126271463906294  2.4001  2.59954112286623 
0.667944483403408  0  0.0551484219521286  2.4001  2.74899849972866 
0.807866273678612  0  0.0823214407683165  2.4001  2.56152239975126 
0.896153399136938  0  0.111227806591377  2.4001  2.79961428813691 
0.7444263043853  0  0.0815256406207557  2.4001  2.56264999442167 
0.801626061125123  0  0.123366763229613  2.4001  2.87100527147322 
0.787923211579609  0  0.0965683729473329  2.4001  2.61444187114317 
0.776845617480621  0  0.101269599328719  2.4001  2.62303682030846 
0.681051698357895  0  0.0739705974360948  2.4001  2.57291842584547 
0.596927693548959  0  0.0421989967641416  2.4001  2.6443212229781 
0.830628367578015  0  0.0776565164083742  2.4001  2.83377385456307 
0.786493837632085  0  0.0946370700964186  2.4001  2.62405594076301 
0.630596290829037  0  0.0661582145669334  2.4001  2.7441249243249 
0.873642695887128  0  0.174194588342248  2.4001  2.71164488608142 
0.975570321404521  0  0.130246009157662  2.4001  2.73241430873726 
0.693917909225142  0  0.071228234598947  2.4001  2.63014099295811 
0.717267092124312  0  0.0681803397638997  2.4001  2.45433111209326 
0.759972688198373  0  0.0758294200424358  2.4001  2.63659418593102 
0.983210750240844  0  0.107477881368109  2.4001  2.46750060476886 
0.62957790238055  0  0.0975644449962919  2.4001  2.65153834801406 
0.822935412400005  0  0.0905963916804343  2.4001  2.5976146234479 
0.887592528168623  0  0.0905516238217172  2.4001  2.85285229112438 
0.604006593505926  0  0.0697039256912751  2.4001  2.74406139361668 
0.761718842687041  0  0.0708948488361448  2.4001  2.52294765475271 
0.7512878931033  0  0.152141344750085  2.4001  2.70114171978746 
0.921612756813881  0  0.160071603454801  2.4001  2.55991559259732 
0.671999560710923  0  0.0699736907107668  2.4001  2.87261442262569 
0.492631205553649  0  0.0278697196029033  2.4001  2.66795311854185 
1.23407037584979  0  0.169733776101243  2.4001  2.73091548161063 
0.603178472289991  0  0.0486768081976378  2.4001  2.64891731445438 
0.81281502912306  0  0.0588942523191184  2.4001  3.07629654864065 
0.653080442990031  0  0.0741284040563709  2.4001  2.73524943778911 
0.839524833841255  0  0.0972086619219968  2.4001  2.6074662740177 
0.649531416077604  0  0.0683035974256663  2.4001  2.58016395559421 
1.19876421672331  0  0.243944759094571  2.4001  3.00980121077875 
0.940412755069758  0  0.128950149762449  2.4001  2.66537526588962 
0.844050504108332  0  0.0938047183605016  2.4001  2.6126781723833 
1.13085432184285  0  0.169065878507577  2.4001  2.7258822741101 
0.713988956495378  0  0.0989095362793484  2.4001  2.65551851294305 
0.711848758892338  0  0.121779877225691  2.4001  2.49375424688588 
0.57603585842055  0  0.0640761635581497  2.4001  2.66749178605892 
0.740770520391289  0  0.0619697801445248  2.4001  2.34606226054586 
0.594292210828036  0  0.044402944148357  2.4001  2.52623106400243 
0.773425106156914  0  0.119106907266185  2.4001  2.73128806602251 
0.797953999958849  0  0.112957532378352  2.4001  2.96260327481276 
0.753263881637733  0  0.071171078255522  2.4001  2.67167117355604 
0.613768577040831  0  0.0533442957923954  2.4001  2.39621848417025 
0.574605272934662  0  0.0553648643955278  2.4001  2.80806614688379 
0.683126268770305  0  0.0680595561424767  2.4001  2.6789503889276 
0.749158817544571  0  0.068439539373914  2.4001  2.39064317302479 
0.609523209059872  0  0.0438467537179747  2.4001  2.56451317650045 
1.09096515628477  0  0.246713153273057  2.4001  3.02664109670212 
0.67808202092816  0  0.0635774707084018  2.4001  2.62420312280219 
0.733770647142616  0  0.0755240601845868  2.4001  2.67165528971707 
0.732735486687405  0  0.0702300668511719  2.4001  2.52117428678598 
0.615189705407092  0  0.070926065322328  2.4001  2.60302886606989 
0.666213440525209  0  0.0702541460262204  2.4001  2.49579456425545 
0.966638712840583  0  0.120634525357594  2.4001  2.48764497509525 
0.85062941108086  0  0.11538832596292  2.4001  2.59443093498386 
0.674534317048954  0  0.0663058594324989  2.4001  2.74524454664766 
0.727329514480641  0  0.0786489079666002  2.4001  2.95891704599789 
0.661801108124017  0  0.0679277429923345  2.4001  2.48388644504831 
0.706277145199332  0  0.0753800384033474  2.4001  2.48232060898606 
0.993850353691729  0  0.145095426794076  2.4001  2.98072090936247 
0.810349133913068  0  0.0814171242952564  2.4001  2.48802229782417 
0.713823778676285  0  0.0742120821403591  2.4001  2.45821143870473 
0.471647658167147  0  0.0390267107229287  2.4001  2.53985521447279 
0.791267573461132  0  0.0897101086695114  2.4001  2.60430695434124 
0.766348234981484  0  0.0945027094573694  2.4001  2.63016354831316 
0.562731191715998  0  0.0474723645286578  2.4001  2.60088316648997 
0.898488502343653  0  0.196207713388191  2.4001  2.78968332734257 
0.826708330701384  0  0.142525108708747  2.4001  2.74259287988097 
0.718655582454593  0  0.113518459869107  2.4001  2.87926625413438 
0.960558225540148  0  0.153062543679427  2.4001  2.98907166912478 
0.774771640431263  0  0.0781450317447522  2.4001  2.95636004604944 
0.908673802453195  0  0.0898852202783337  2.4001  2.57626951265319 
0.660569695929823  0  0.0620670819819214  2.4001  2.78211307865655 
0.431336077644062  0  0.0293563225792932  2.4001  2.52142091444517 
2.10157104325413  2  0.526365420578575  2.4001  3.17479840042992 
0.886542885027703  0  0.103566878111714  2.4001  3.07688212944338 
1.09234193716993  0  0.224686305504766  2.4001  3.03330110109327 
0.810818682425542  0  0.0727821619648931  2.4001  2.28861381694576 
0.594272229915719  0  0.064510999530071  2.4001  2.61849961340597 
0.959832546138402  0  0.114601465485705  2.4001  3.06129550103284 
0.868342108162375  0  0.132011583886395  2.4001  2.58897724496535 
0.731593217111155  0  0.0701128586582553  2.4001  2.72550749014365 
0.681964262147784  0  0.0899311768714165  2.4001  2.50478290872887 
0.7586459213143  0  0.0974175321650916  2.4001  2.47350386954914 
0.66333137450634  0  0.0943988863866276  2.4001  2.80368764224973 
0.680331118434881  0  0.059759599375192  2.4001  2.59995562386493 
0.642355542693905  0  0.059195728322371  2.4001  2.52466899522628 
0.942259078494774  0  0.130628964484702  2.4001  2.90604258747828 
1.31466146972041  1  0.214501999746534  2.4001  2.72981230964612 
0.870358514623158  0  0.0976795322036785  2.4001  2.85990884097204 
0.669819837645501  0  0.079426493640144  2.4001  2.65965222270823 
1.00975101205118  0  0.12616826850386  2.4001  2.70849359590213 
0.770012641740358  0  0.0790908745739073  2.4001  2.42972638049476 
0.579100052695551  0  0.0797255443335151  2.4001  2.63946371627206 
0.957706331886891  0  0.122549790335407  2.4001  2.6988797806372 
0.761947269501045  0  0.0970853692668619  2.4001  2.69168450966444 
0.66286749727941  0  0.0794240863837991  2.4001  2.6030426276688 
0.805272621661851  0  0.084107852615164  2.4001  2.52694652114861 
0.953544099038588  0  0.126163285864105  2.4001  2.70919785500344 
0.717132225592065  0  0.0669845892338621  2.4001  2.68653143943599 
0.901709760326738  0  0.140054437367966  2.4001  2.85753688739395 
0.98998298696175  0  0.108837270952126  2.4001  2.91949384017474 
0.911623498680996  0  0.124302927817535  2.4001  2.61241493072959 
0.593618452256615  0  0.0756131612716714  2.4001  2.47253872766725 
0.733473064110513  0  0.0876012436339797  2.4001  2.45679990964282 
0.812953967744816  0  0.0736541426943678  2.4001  2.41035467516146 
1.10532580978681  0  0.177463051518391  2.4001  2.86031046496454 
0.504007584566509  0  0.0319845383370144  2.4001  2.27715168491345 
0.774011456426286  0  0.0968912809280517  2.4001  2.37463084993781 
0.788669784155  0  0.0930307539589511  2.4001  2.8002597646036 
0.857410754863642  0  0.119348939268856  2.4001  2.74631151532519 
1.05789744682916  0  0.147053526642239  2.4001  2.73561852175638 
0.912636893678689  0  0.12470193855184  2.4001  2.74608998899657 
0.940592705172973  0  0.135343991388987  2.4001  2.70956678763766 
0.909825943098391  0  0.104923094962719  2.4001  2.49867693938305 
0.645719056878907  0  0.080113761169224  2.4001  2.84677649699226 
1.11459834726469  0  0.151963049319963  2.4001  2.90022635269842 
0.501010345859816  0  0.0331468017615567  2.4001  2.28198199202765 
0.656808824330434  0  0.0723054976364143  2.4001  2.63760189206075 
0.757102725121312  0  0.125682630749684  2.4001  2.73188430501185 
0.777514707913981  0  0.0835587286219206  2.4001  2.60188499166745 
0.763722973394157  0  0.114592982478048  2.4001  2.7032769055033 
0.797874357229257  0  0.116973355906336  2.4001  2.53355555270727 
1.06147017003496  0  0.156591885064946  2.4001  2.5523803869978 
0.695161036784715  0  0.0679596665236678  2.4001  2.43244771234191 
0.947403042780096  0  0.089116110776112  2.4001  2.71584831529801 
0.404564332023791  0  0.0307721530029083  2.4001  2.43898184831519 
0.509578863468128  0  0.0443407716821514  2.4001  2.47071508181464 
0.749194208321476  0  0.0716711154130479  2.4001  2.60813070122867 
0.850838292563819  0  0.103491176004308  2.4001  2.79071545059968 
0.765975905451883  0  0.110333239243971  2.4001  2.74621238055267 
0.694154486463889  0  0.0868698411523092  2.4001  2.50589388132949 
0.620595084106172  0  0.0574114797082236  2.4001  2.64336005203026 
1.1371334768451  0  0.180595354366061  2.4001  2.56720994956799 
0.966983760426585  0  0.116524965637208  2.4001  2.66308990494726 
1.07723055320275  0  0.137021737317667  2.4001  2.65409562565981 
0.739190485718979  0  0.0941995366114362  2.4001  2.56361971544892 
1.15427429993409  0  0.16577575658112  2.4001  2.90214433499704 
1.0816746591899  0  0.141387300949522  2.4001  3.17127928065267 
0.734212409834595  0  0.0714482181379673  2.4001  2.60101232601775 
0.7011371209021  0  0.0706567032432733  2.4001  2.17653867243783 
0.607729252339253  0  0.0494824426982015  2.4001  2.69953167887601 
0.820304708489492  0  0.0796034173354649  2.4001  2.35996436918616 
0.710366488299712  0  0.0681216754291266  2.4001  2.69484203825631 
0.598787082961582  0  0.090008335249201  2.4001  2.7145529387164 
0.721644675353823  0  0.0784577899702652  2.4001  2.49981649005301 
0.894249439724686  0  0.100970452665528  2.4001  2.47217126122199 
1.15706672304148  0  0.188877755948708  2.4001  2.77943855289764 
0.608975415588364  0  0.0842289295725706  2.4001  2.6838591875103 
0.874121176069703  0  0.0965071546861118  2.4001  2.92869785330114 
0.88743407238322  0  0.0878943382047007  2.4001  2.97537922894655 
0.64446416214589  0  0.0591989876438891  2.4001  2.71410981855688 
0.820593374984826  0  0.125236943172283  2.4001  2.63455398224804 
0.836050893181978  0  0.115860394089746  2.4001  2.6700393110699 
1.12178417779123  0  0.199807855625139  2.4001  3.24309763683092 
0.776289549902451  0  0.0770040397732606  2.4001  2.54161646630643 
0.767461495228773  0  0.0749356264807896  2.4001  2.78017523842515 
0.447918871714337  0  0.0217203716213025  2.4001  2.52345331890043 
0.661595576810986  0  0.0881255481058511  2.4001  2.7119012168077 
0.736080623821497  0  0.0703375158654309  2.4001  2.59068612179286 
0.613749963264754  0  0.0591282854510549  2.4001  2.53136439015645 
0.544770698776954  0  0.0499997483975584  2.4001  2.45061624929449 
0.686061817386132  0  0.0458111402128721  2.4001  2.59235988134666 
0.833761155353207  0  0.128119757425424  2.4001  2.66357401702205 
0.767900327702945  0  0.125061173373995  2.4001  2.50827909884026 
0.66111430694201  0  0.0718602032671287  2.4001  2.60186223857383 
0.875393085528904  0  0.204771996382509  2.4001  2.54898730638921 
0.821330068877097  0  0.107219702174713  2.4001  2.49575710685801 
0.789046848843463  0  0.070597539304788  2.4001  2.78114778971878 
1.0683076371527  0  0.174684048119727  2.4001  2.51376283329239 
0.609655321362304  0  0.0478816381690212  2.4001  2.50688407224887 
0.623308635896537  0  0.0700114917335804  2.4001  2.56454160594779 
0.727292104987552  0  0.11886364812205  2.4001  2.69682101406224 
0.6049081415158  0  0.0820091607165716  2.4001  2.88936898448864 
0.711067692548117  0  0.0736077688849439  2.4001  2.85287035460258 
0.888269761666712  0  0.100031123783752  2.4001  2.44353046042471 
1.0032894229476  0  0.137070066668747  2.4001  2.56740645767829 
1.01555606307391  0  0.137236448610755  2.4001  2.83882859064249 
0.698193737142818  0  0.0772712197876518  2.4001  2.62941833386235 
0.709566593127336  0  0.0498898636903164  2.4001  2.46608681064891 
0.830222584947113  0  0.0858705022220664  2.4001  2.71446345584725 
0.712542145401523  0  0.117468757131039  2.4001  2.59229357894353 
0.767501624488777  0  0.0972385964132602  2.4001  2.9361443442526 
0.643085313212536  0  0.053872093596263  2.4001  2.53653250144158 
0.776447973263789  0  0.0843700118412451  2.4001  2.66587372145824 
0.483111047374062  0  0.0487685607702149  2.4001  2.63398872072839 
0.750975583893351  0  0.0898957098711736  2.4001  2.44403391489028 
0.777566099852166  0  0.121428544983484  2.4001  2.54045725631741 
0.675582017780448  0  0.0803322152261563  2.4001  2.64178383344364 
1.1692181091467  0  0.20569354887712  2.4001  3.08049035977293 
0.796098910194803  0  0.0948390308934419  2.4001  2.74088844357397 
0.688177886500196  0  0.0917698255125747  2.4001  2.78398518142378 
0.868464025322005  0  0.0813771883368566  2.4001  2.65655170220675 
1.1184238384863  0  0.122668584354298  2.4001  2.88254125051688 
0.86938239783696  0  0.130224294658646  2.4001  2.61749205273433 
0.856735066155983  0  0.0933951429562175  2.4001  2.40865746792806 
0.654498174068332  0  0.0453713896044981  2.4001  2.5336778309526 
0.766525847173589  0  0.0681798092347137  2.4001  2.7359123270205 
0.862525208713736  0  0.0768590981426533  2.4001  2.72025364689 
0.860641181765329  0  0.0853828428332342  2.4001  2.36276284883773 
0.875268006528486  0  0.100795477441174  2.4001  2.65881465195915 
0.444734580451234  0  0.0469813895416113  2.4001  2.59990264770035 
0.908714499139977  0  0.105668629557396  2.4001  2.91134771205103 
0.702384631672591  0  0.0894081655390354  2.4001  2.66209164124642 
0.521283295479418  0  0.0354233370859843  2.4001  2.61909816579766 
0.922610858054954  0  0.107213594298517  2.4001  2.62032685606234 
0.808588717627183  0  0.0717302709032551  2.4001  2.54427233714059 
0.99694967682574  1  0.130670102399668  2.4001  2.75167710811122 
0.659853966751723  0  0.0432807170902221  2.4001  2.7677042773423 
0.753678327503266  0  0.0798330232740997  2.4001  2.66075331536 
0.533464250983471  0  0.0564681407842995  2.4001  2.68200709006184 
0.754873319555532  0  0.0970194858842157  2.4001  2.61862417949546 
0.819913621672536  0  0.0897721828787908  2.4001  2.59628944045916 
1.07750868786653  1  0.181205013439917  2.4001  2.48482472758842 
0.440834222607909  0  0.0332998929996153  2.4001  2.39661356469126 
0.694964066146188  0  0.083774025453752  2.4001  2.91330233010494 
0.543151900295248  0  0.0391942200699085  2.4001  2.5763081540986 
0.62213827196634  0  0.0709893323463375  2.4001  2.44660942785048 
0.850110009018979  1  0.115077958483104  2.4001  2.69663319760951 
0.721114831618636  0  0.0549104181315496  2.4001  2.57541374595035 
0.729057882887166  0  0.063879736131145  2.4001  2.50249139394758 
0.747420394481754  0  0.0596975132547213  2.4001  2.43609438232181 
0.756301489352527  0  0.0694721877498929  2.4001  2.46418548288486 
0.896686355179498  0  0.104620022891532  2.4001  2.84480912707075 
0.82664194772442  0  0.104486862088175  2.4001  2.87005995341258 
0.500600143158376  0  0.0593475189562741  2.4001  2.52173514113967 
0.636767989488794  0  0.0641865269413001  2.4001  2.51751085351568 
0.953437142767027  0  0.146263877911286  2.4001  2.75357550928735 
0.661732241938312  0  0.0799226635620853  2.4001  2.34060413950821 
0.92281411686684  0  0.107372168681295  2.4001  2.71708730238337 
0.916906510713483  0  0.0973663972961715  2.4001  2.62708684838764 
0.770398235578356  0  0.0743509642745884  2.4001  2.71045411906181 
0.625966477318766  0  0.0492002133040958  2.4001  2.57680972623366 
0.856038813985488  0  0.0939269964481288  2.4001  2.64340898328828 
0.957409068560065  0  0.119922650839721  2.4001  2.71726423283067 
1.19897342262004  0  0.174897728152642  2.4001  2.80849714275954 
0.720594391843027  0  0.060400110214643  2.4001  2.31819522583632 
0.848331601118101  0  0.140374488014465  2.4001  2.90770920437716 
0.760442212858438  0  0.0808340548987089  2.4001  2.44364669661424 
0.736852358605858  0  0.0730993306247206  2.4001  2.6563566339214 
0.615042358538184  0  0.0589398441131007  2.4001  2.54227860979768 
0.73531267452591  0  0.0888640469275208  2.4001  2.46786435701917 
0.988767349691678  0  0.130034444704504  2.4001  2.483961370521 
0.659792151787843  0  0.0667907853375035  2.4001  2.77772622935174 
0.59277271284334  0  0.0678359569772131  2.4001  2.67982145130893 
0.793998597772781  0  0.0692266888960261  2.4001  2.59466958112151 
0.798227861297063  0  0.0819691634490621  2.4001  2.7562425920904 
0.481483759012179  0  0.0299781988514955  2.4001  2.38477044970819 
0.894587447766757  0  0.103144534043091  2.4001  2.52876243438374 
0.810390066702508  0  0.107830135624087  2.4001  2.72687201251526 
0.964541772047122  0  0.14602343984489  2.4001  2.67154328447714 
0.916061077907676  0  0.0858595859433442  2.4001  2.62572852813395 
0.900250378501726  0  0.0935306923630466  2.4001  2.76640252942031 
0.907294924344515  0  0.116065591211171  2.4001  2.58765222893777 
0.71793474991956  0  0.0625263242858864  2.4001  2.67585398961021 
0.81263967638198  0  0.0757340666974199  2.4001  2.49635194647737 
0.72833719366399  0  0.0554586302881817  2.4001  2.48386107396815 
0.846126795583866  0  0.10509164480785  2.4001  2.71595421054153 
0.832218625890383  0  0.0991304457094876  2.4001  2.6899670112765 
0.94648923691958  0  0.0984748772681634  2.4001  2.67222706115265 
1.19786827859249  0  0.178471826192693  2.4001  2.98339239235013 
0.776500601577612  0  0.0893619648579788  2.4001  2.64727523821041 
0.724168747237267  0  0.109584741020501  2.4001  2.76519911504087 
1.10511999508842  0  0.176692225214495  2.4001  2.64734193521447 
0.878708733537255  0  0.0893957810027945  2.4001  2.59683485647262 
0.66262854885517  0  0.0572872326505173  2.4001  2.60685958504746 
0.840786660641431  0  0.110670652661729  2.4001  2.76432666380174 
0.86580050254808  0  0.112711017628675  2.4001  2.72680868319968 
0.690306761667248  0  0.0849367455592418  2.4001  2.47527584464614 
0.625404501407405  0  0.0799768358928205  2.4001  2.66600506644443 
0.654889422754165  0  0.072844679163619  2.4001  2.70139541192243 
0.558788192404285  0  0.0407839948635439  2.4001  2.45235087441404 
0.579297019486567  0  0.0470064806350222  2.4001  2.84382365771859 
0.7437934228405  0  0.0759757734712526  2.4001  2.77943279093908 
0.76120051634294  0  0.0783989975106219  2.4001  2.6736466553617 
0.813481108108249  0  0.0582128632504949  2.4001  2.55533062514989 
0.886413455156589  0  0.0936918262535092  2.4001  2.56463140534376 
0.641920806408336  0  0.0902036287786166  2.4001  2.59001668635128 
0.540365147851579  0  0.0461316718824527  2.4001  2.54423708948839 
1.02830233492508  0  0.144124349702324  2.4001  3.05830956906701 
0.740747084790452  0  0.117472974125506  2.4001  2.8783397231691 
0.63613933729973  0  0.0553687325362933  2.4001  2.53656048996393 
0.643502484470929  0  0.0648108975472319  2.4001  2.63226554781793 
0.490623561144445  0  0.0383666252428803  2.4001  2.62144353498864 
1.14611660192726  0  0.157610837505868  2.4001  2.87945445742302 
0.664081483910294  0  0.0753337888554998  2.4001  2.59376818152506 
0.823733117141629  0  0.135824324763251  2.4001  3.07799648503841 
0.799087016295546  0  0.0994898519345346  2.4001  2.45328780376947 
0.586944038906679  0  0.0601717441166887  2.4001  2.5763671375228 
0.682958201099376  0  0.0759913724201978  2.4001  2.56735715308959 
0.86299403322265  0  0.128857450851778  2.4001  2.86379342551625 
0.667664145494009  0  0.0645357921088994  2.4001  2.55893861051638 
0.560370241534725  0  0.0326873136990978  2.4001  2.70098393428835 
0.623937787413377  0  0.0484750828174152  2.4001  2.6414748067073 
0.825847423283182  0  0.0891429698488892  2.4001  2.42438521963048 
0.928341350794903  0  0.134282943830613  2.4001  2.93139576976109 
0.901756252002765  0  0.123060133956877  2.4001  2.63349860535991 
0.487388150803956  0  0.0359345737670474  2.4001  2.63514376047207 
1.1189394579599  0  0.174485004564795  2.4001  2.7103700030864 
0.790229313306199  0  0.138014508964456  2.4001  2.73018242511743 
0.714557564393608  0  0.0582250087141647  2.4001  2.66499791007364 
0.614580328976813  0  0.0738948474793545  2.4001  2.7278545886834 
0.585696346271036  0  0.0481882005290774  2.4001  2.2765080350979 
0.835452643945157  0  0.0893285557335869  2.4001  2.79391697575334 
0.862693047872152  0  0.0947663364363868  2.4001  2.91887725262476 
0.950728579339167  0  0.122216423680174  2.4001  2.87322243229567 
1.09251974527282  0  0.168136888519226  2.4001  2.88814318752573 
0.554145757931195  0  0.0430802149789654  2.4001  2.61848343626541 
0.690791754419954  0  0.0605724240846537  2.4001  2.44460281717714 
1.0144760590834  0  0.119969470396915  2.4001  2.7749084802647 
0.785376844863086  0  0.0849932871249956  2.4001  2.5008940347213 
0.623077579806136  0  0.071256940860776  2.4001  2.53484976384846 
0.55311534850753  0  0.0812518634537241  2.4001  2.56625752004959 
0.289706358795837  0  0.0125534437467675  2.4001  2.39941244062599 
0.533134909240406  0  0.0561364232838155  2.4001  2.55977697250542 
0.877044758064894  0  0.109419381957059  2.4001  2.94540117231807 
0.539070431123716  0  0.0484521027792272  2.4001  2.43815083572553 
0.600651133533615  0  0.0495388931723273  2.4001  2.69252743960611 
0.641695187753626  0  0.0559948289360454  2.4001  2.44973143381128 
0.697066384506422  0  0.0984120893110283  2.4001  2.61774728308629 
0.621388329990929  0  0.0783003439127608  2.4001  2.58573533327392 
0.663891413597467  0  0.0863319814911343  2.4001  2.44237314515397 
0.634837124267231  0  0.0544546056091233  2.4001  2.75815771024226 
0.610712219013662  0  0.0475188390751175  2.4001  2.61263063333959 
0.807237540626068  0  0.0640311565329843  2.4001  2.4520728939774 
0.669418338477504  0  0.0701661956924309  2.4001  2.52843151158144 
0.715364368906046  0  0.0784007916418533  2.4001  2.78700689082619 
0.689229813001278  0  0.0904624482992153  2.4001  2.7856991909695 
0.626713295966423  0  0.108766777797085  2.4001  2.79895201314778 
0.712711114541022  0  0.0989707659629859  2.4001  2.66973006037615 
0.769287749839333  0  0.0811949289779993  2.4001  2.88205711358036 
0.849863459389294  0  0.0988296630914603  2.4001  2.72170768425817 
0.567466543985156  0  0.0419875907278239  2.4001  2.38565599930367 
0.801007240597571  0  0.0798749496858153  2.4001  2.57775169327971 
0.648031002135931  0  0.0734380529901738  2.4001  2.52446155701161 
0.846419058789332  0  0.132233463002779  2.4001  2.51158751032427 
0.991321057536435  0  0.136917795251763  2.4001  2.95617061196259 
0.552357948730082  0  0.100733070922706  2.4001  2.68373112248288 
0.902901231466389  0  0.137712890364219  2.4001  2.67139774502111 
0.636054873198946  0  0.0773602934104672  2.4001  2.4395453712549 
0.722585357058751  0  0.0670437858219355  2.4001  2.69263729860739 
0.66489079760698  0  0.0635343866464432  2.4001  2.49446876493187 
0.639643800762158  0  0.109567613598236  2.4001  2.82839204184507 
0.910517148879943  0  0.0942354407651678  2.4001  2.58071863028642 
0.449912277435038  0  0.0279926068835802  2.4001  2.5395813810884 
0.615116011688799  0  0.0568024729482306  2.4001  2.65937501727121 
0.654000891584925  0  0.10181751262589  2.4001  2.75792800572526 
0.822213553517467  0  0.0900978047003297  2.4001  2.31291928318677 
0.518551051933599  0  0.0354581645646403  2.4001  2.58116078664968 
0.737887541343031  0  0.0714375600923326  2.4001  2.62509042155557 
0.857691081476428  0  0.0949909851138928  2.4001  2.59282344920259 
0.684145348786418  0  0.0739661131550829  2.4001  2.44127000006576 
1.02508585724747  0  0.122883775751546  2.4001  2.74762934605184 
0.795495685169136  0  0.101034248709629  2.4001  2.5959288315874 
0.732042897455849  0  0.100032195649362  2.4001  2.57117914245783 
1.04130604623019  0  0.216449595291456  2.4001  2.96834883076407 
0.728576732662942  0  0.0777081815869058  2.4001  2.67833916314373 
0.893786618928902  0  0.0843977472362842  2.4001  2.74044802024986 
0.843200586332653  0  0.0978663073485067  2.4001  2.6324337212521 
0.960831178841455  0  0.135878994782644  2.4001  2.99858008656095 
0.703988105600134  0  0.0795833379893042  2.4001  2.59962122974224 
0.675785332931616  0  0.0765693224817727  2.4001  2.47774550500808 
0.705793907997188  0  0.101178167018291  2.4001  2.65194762635657 
1.02523089909005  1  0.165627763800687  2.4001  2.66014064001654 
0.620744947220646  0  0.0493534331350308  2.4001  2.76200230363864 
0.636596970892245  0  0.0524781855811551  2.4001  2.74360612471203 
1.07370977106854  0  0.162127698142211  2.4001  2.83504767870629 
0.765979414623195  0  0.104582722539282  2.4001  2.57672528569136 
1.12132070012447  0  0.17343840719824  2.4001  2.99839289160135 
0.575411945056686  0  0.0490294048516262  2.4001  2.60581122939705 
0.65028242800216  0  0.0524914990316849  2.4001  2.62262855803703 
0.578461520388175  0  0.0598194340349261  2.4001  2.61185936177701 
0.902705948793686  0  0.117837135477163  2.4001  2.44112468812335 
0.685843364173714  0  0.0707427417845308  2.4001  2.62211550788059 
0.764475923720931  0  0.107744168992361  2.4001  2.85772007236063 
0.740322599653947  0  0.0687370819853821  2.4001  2.66378789634645 
0.816660425796966  0  0.121226860727803  2.4001  2.62516537926047 
1.02551130953714  0  0.164728259393525  2.4001  2.65521215223983 
0.62528467545939  0  0.0458869478271513  2.4001  2.44702644786283 
0.783244560868653  0  0.0928125586245091  2.4001  2.66127326664741 
0.417082867985697  0  0.0234875009197046  2.4001  2.55487542815177 
1.04565625654867  0  0.125093410713797  2.4001  2.667146501258 
0.578755130242271  0  0.0548606009157486  2.4001  2.76336264303974 
0.869199196257449  0  0.150484272344836  2.4001  2.9162851271219 
0.615478263457922  0  0.0758519881120038  2.4001  2.83831977963386 
0.575234751156258  0  0.0410662705158356  2.4001  2.28446744519991 
0.852896551687394  0  0.104530719405866  2.4001  2.51184165882358 
0.781226827038963  0  0.0911580777463011  2.4001  2.56191825877028 
1.18041149302264  0  0.212676782139422  2.4001  3.0512502724114 
0.798229480780891  0  0.0848124878781394  2.4001  2.47493141769113 
0.851398079462279  1  0.115817133866104  2.4001  2.39469903865694 
0.558745667760659  0  0.0589345830528641  2.4001  2.74724163739331 
0.657024895354902  0  0.047541657274769  2.4001  2.6016253101763 
1.18401915310786  0  0.225643518874507  2.4001  2.90835612282563 
0.77734801013964  0  0.0874843611704263  2.4001  2.56330585312259 
0.795096847217459  0  0.0851988408203585  2.4001  2.83910367894501 
0.805261486992396  0  0.108500265657695  2.4001  2.91373506353 
0.736035860672914  0  0.0571902148662716  2.4001  2.58645039441836 
0.724580082434958  0  0.0726273130630978  2.4001  2.6985046095296 
0.815506437579857  0  0.0980749282037555  2.4001  2.92730247278846 
0.757716481742552  0  0.103308246697759  2.4001  2.83953177982119 
0.758995498308064  0  0.122946674614473  2.4001  2.66984007732836 
0.380264121143175  0  0.0193441893038921  2.4001  2.43906802326773 
0.920390946674805  0  0.101068604530242  2.4001  2.69720138181098 
0.700127232949879  0  0.0627820678702541  2.4001  2.88782021445832 
1.12728690874411  0  0.148584043730995  2.4001  2.66652289661805 
0.779610269767073  0  0.0674084219461296  2.4001  2.51819326467001 
0.736165485794797  0  0.0882682695772448  2.4001  2.77009382522694 
0.753184392442402  0  0.0816158922974162  2.4001  2.75491135086326 
0.908362061616512  0  0.0939907704237128  2.4001  2.91421900494777 
0.710891964625822  0  0.0617277508982114  2.4001  2.71146786282023 
0.899699831562003  0  0.130283168592223  2.4001  2.80469985921811 
0.931644716118682  0  0.125785590923773  2.4001  3.0728476795601 
1.06890726362083  0  0.142155986836717  2.4001  2.70119963180745 
0.772202915954617  0  0.0637408594926517  2.4001  2.39709583082712 
0.692932517022447  0  0.0686007008102583  2.4001  2.56874551621615 
0.525677559781005  0  0.047206191464418  2.4001  2.56914637404911 
1.03789944054756  0  0.173421626688571  2.4001  2.85667537327504 
0.963873227869217  0  0.123488488439919  2.4001  2.72850034007923 
0.573990723077747  0  0.0791391965033516  2.4001  2.58098680467162 
0.704890808329691  0  0.0821810531809813  2.4001  2.46914570929137 
0.668476298214104  0  0.0646353907094183  2.4001  2.65059335337799 
1.02327125071452  0  0.129725573685869  2.4001  2.63651314652464 
1.20332474379391  0  0.221083130173566  2.4001  2.97877505277763 
0.747970962207196  0  0.0780779480898552  2.4001  2.71086214025188 
0.493598121112425  0  0.0323118538985606  2.4001  2.46964204155451 
0.634738726530573  0  0.0754523424971603  2.4001  2.54555208428414 
0.979646210051061  0  0.115029473553574  2.4001  3.02752654442787 
0.662456364539594  0  0.0843271262574554  2.4001  2.4994120604935 
0.745321255834852  0  0.0705990309359262  2.4001  2.48559198084699 
0.913733999888651  0  0.134815230058713  2.4001  2.77491627059045 
0.645297427835934  0  0.0658191832468709  2.4001  2.6504511667321 
0.74622034997977  0  0.0940540405122322  2.4001  2.89002772088654 
0.613725083009538  0  0.0599944137366707  2.4001  2.83609364748517 
0.490922935674408  0  0.0339224021886949  2.4001  2.40487475666509 
0.784382784044207  0  0.0822438610903067  2.4001  2.9997612738409 
0.768101064760274  0  0.0892988425155266  2.4001  2.47747522847412 
0.818582078045101  0  0.108053589994741  2.4001  2.62493850713302 
0.985678700318319  0  0.116671034055654  2.4001  2.92897394505366 
0.628530817161182  0  0.0657310551247966  2.4001  2.59653938408582 
0.787877979647034  0  0.0826595435031458  2.4001  2.43500645021605 
0.670827296310661  0  0.057494912389789  2.4001  2.56987156978971 
0.540886450762912  0  0.0616420360886104  2.4001  2.56533295970913 
0.353391420827163  0  0.0146000821968849  2.4001  2.40900738438796 
0.764946524519353  0  0.0877361209846521  2.4001  2.72436342291841 
1.17940581063949  0  0.142078701382679  2.4001  2.61892364393246 
1.18436679501814  1  0.163188613616258  2.4001  2.810986202355 
1.13682028855932  0  0.174735108189804  2.4001  2.75332305096643 
0.61485103295225  0  0.0738376610207196  2.4001  2.51105061495286 
1.28578247010999  1  0.153089374778079  2.4001  2.82935324027827 
0.793966838697144  0  0.111876432104719  2.4001  2.63443013013224 
0.656547924561492  0  0.0650312213403716  2.4001  2.54294973902945 
0.816962627401186  0  0.0876346400189677  2.4001  2.85570693654134 
0.789365103003346  0  0.10865680589461  2.4001  2.75463724605351 
1.29181927515152  0  0.239349125212729  2.4001  3.09831471520094 
0.632900777907523  0  0.0589726644226774  2.4001  2.68434951499877 
0.92251122485771  0  0.155098380997502  2.4001  2.76657913126463 
0.732520079291631  0  0.0747303260148364  2.4001  2.66765133927896 
1.2655042700866  0  0.209413023275326  2.4001  2.95865170550798 
0.848311700315215  0  0.133362054808491  2.4001  2.7609422198411 
1.25022821955484  0  0.239577895170743  2.4001  3.21005660313909 
0.905829128430856  0  0.124033813294649  2.4001  2.57699168241318 
0.530082421112147  0  0.0403405468739089  2.4001  2.72323431353511 
0.800213882908656  0  0.0854220933560214  2.4001  2.50502526854455 
0.842580554310143  0  0.0871305924297839  2.4001  2.51735918718799 
0.62872323477178  0  0.0649780951273193  2.4001  2.84885699600609 
0.757360498256073  0  0.0781410866877565  2.4001  2.90063763290524 
0.797004026509607  0  0.06951968591365  2.4001  2.44073929067453 
0.936867599452641  0  0.143396403274465  2.4001  2.74832915302169 
0.856189340644196  0  0.0914599912253987  2.4001  2.73760368463539 
0.89687139025179  0  0.100586139501455  2.4001  2.65617961272463 
0.649752163415962  0  0.0611796400145932  2.4001  2.60933759951686 
0.835678302751248  0  0.0995390055801116  2.4001  2.67062940164324 
1.0002102739172  0  0.213553580423985  2.4001  2.7417308302852 
0.584516336497157  0  0.0619076975926101  2.4001  2.63126720420678 
0.591024824838012  0  0.0358813974772544  2.4001  2.390066160753 
0.835661207319507  0  0.09336907825908  2.4001  2.64096689121172 
0.718424022519415  0  0.0624755555121118  2.4001  2.76605868274559 
0.744722813292175  0  0.109227256379435  2.4001  2.84414016217851 
0.817631277601953  0  0.114993350638444  2.4001  2.64454305471235 
0.956120224674147  0  0.103216478562377  2.4001  2.58798057262275 
0.681391576274995  0  0.0589368062980828  2.4001  2.54292867800645 
1.04582379367586  0  0.135239876379364  2.4001  2.78020586081586 
0.66553154541444  0  0.0714299630804149  2.4001  2.53152761101409 
0.712887273370735  0  0.113568839151312  2.4001  2.54433195135914 
0.683176552258981  0  0.127587484329754  2.4001  2.92841343117638 
0.578143638051868  0  0.0437677242777239  2.4001  2.35909258118626 
0.734156559461345  0  0.0841599401356738  2.4001  2.8288036128004 
0.843582169625839  0  0.120667185053033  2.4001  2.96170694740194 
0.552762912246643  0  0.0686797064709982  2.4001  2.73855322633783 
0.678860266443521  0  0.0582405891844857  2.4001  2.72064790306455 
0.76074983639388  0  0.0921750764706363  2.4001  2.63677882498448 
1.03015228768078  0  0.150614483808363  2.4001  2.60183438518151 
0.617557426979111  0  0.0481447982991524  2.4001  2.5371533440984 
0.929215824627251  0  0.0980127939793123  2.4001  2.70539943313398 
0.741808235846818  0  0.0704967601481789  2.4001  2.45065086196661 
0.849684870989856  0  0.0977587718962965  2.4001  2.61563757228184 
0.780302688992126  0  0.0895278761221006  2.4001  2.39214352446057 
0.518717821187596  0  0.0499463914151643  2.4001  2.76892255434798 
0.550236370505913  0  0.0387776881369912  2.4001  2.50714944241237 
0.652757945712251  0  0.0578868799748812  2.4001  2.71336602511001 
0.905563461502996  0  0.0844344439726664  2.4001  2.91868880954088 
0.629628517750644  0  0.0481434459123915  2.4001  2.50999327871995 
0.92961633568069  0  0.108431574531207  2.4001  2.90919270034529 
0.783477858629356  0  0.123231403364155  2.4001  2.46405238813312 
0.592355168162234  0  0.0685096700341452  2.4001  2.50889005974656 
0.734347521168744  0  0.0820728640339477  2.4001  2.54001651168116 
0.777802417236167  0  0.0772145048196777  2.4001  2.38292535883163 
0.765450993972972  0  0.0779921804201266  2.4001  2.78017845731747 
1.33508034274453  1  0.201422984836138  2.4001  2.92594980076182 
0.549427668992467  0  0.0531034140044404  2.4001  2.43284126275637 
0.666686048785557  0  0.0769714177701924  2.4001  2.8127291130524 
0.479805766998491  0  0.0302146637235845  2.4001  2.5868761240909 
0.600580500429409  0  0.0639135120783218  2.4001  2.52609329342621 
0.685854483193941  0  0.0687182648308499  2.4001  2.60808425964834 
0.820836836607265  0  0.118324272500703  2.4001  2.84439979719384 
0.649140082019619  0  0.0546657832610443  2.4001  2.75588383621218 
1.11166288642426  0  0.155698753791235  2.4001  2.78517955868985 
0.888329683128761  0  0.101988372099946  2.4001  2.76416559594472 
1.05443555702957  0  0.165786584897142  2.4001  2.87656403762074 
1.01309068093448  0  0.101361480999777  2.4001  2.81226575498915 
0.884038320719806  0  0.105898309405514  2.4001  2.85720646220731 
0.949688561101677  0  0.147894196692049  2.4001  2.73068202758358 
0.828764481835279  0  0.0921522369605551  2.4001  3.00149375850722 
1.06356386267265  0  0.126342362730299  2.4001  3.01590888267928 
0.726871732565031  0  0.0742224866626572  2.4001  2.59049006900158 
0.920703103049065  0  0.11581980706658  2.4001  2.67908181221977 
0.903301604287526  0  0.18597773338617  2.4001  2.74698078940953 
0.726887346634834  0  0.0815882022829996  2.4001  2.51723676659797 
0.749776342817597  0  0.0802680823655379  2.4001  2.79242127263126 
0.762771477618617  0  0.0569343565304948  2.4001  2.69420690112619 
0.731372567952173  0  0.0696237882518547  2.4001  2.85181195504836 
0.851593532463219  0  0.178303982509712  2.4001  2.88928197361088 
0.595571175901521  0  0.0468357099398899  2.4001  2.51829493443249 
0.967990049388207  0  0.13439254492157  2.4001  2.77932413573667 
0.668710227349182  0  0.0545710067429082  2.4001  2.70075615965365 
0.866679300411466  0  0.0891874843043319  2.4001  2.70224247952546 
0.576930273054359  0  0.049847627499447  2.4001  2.51042586640501 
0.650901189550848  0  0.0566161758378127  2.4001  2.55660319513547 
1.09027865496433  0  0.130861409238344  2.4001  2.73275571069806 
0.755345255474744  0  0.0690070792218697  2.4001  2.55769317479532 
0.521227103017921  0  0.0316728611110859  2.4001  2.56913438659414 
0.627469829741828  0  0.0431702543546536  2.4001  2.52254083479334 
0.708551826173154  0  0.0971905200602585  2.4001  2.83886027096335 
0.519426538837013  0  0.0321480461966434  2.4001  2.55553445229498 
0.73107047735236  0  0.0718356797411298  2.4001  2.93408424084966 
0.692492830753898  0  0.0724392107471988  2.4001  2.71933590134632 
0.851796003117456  0  0.0725987792072065  2.4001  2.84668687858429 
0.987855513637344  0  0.115410859690193  2.4001  2.92026018086522 
1.07550232856641  0  0.159237731385928  2.4001  2.76658771877677 
0.841079363837555  0  0.104061798153245  2.4001  2.49936013285125 
0.7758439879896  0  0.108421962793582  2.4001  2.5615901312326 
1.06206084161292  0  0.130916248707543  2.4001  3.14236638221275 
0.865935289820154  0  0.117384022091071  2.4001  2.60941238847634 
0.839875813652336  0  0.115349794319209  2.4001  2.91048707164763 
0.666532400523719  0  0.0803853985959477  2.4001  2.58876104257518 
0.475732621986009  0  0.0510921205357489  2.4001  2.57833470456661 
1.01864448340828  0  0.163163576464103  2.4001  2.6738262602452 
0.90774654269254  0  0.114853270015755  2.4001  2.71464622335314 
0.91265614942218  0  0.107348640177149  2.4001  2.86950237851341 
0.970919011897828  0  0.131555364524525  2.4001  2.18458754151697 
0.705573761541344  0  0.0614299129007455  2.4001  2.46767709616831 
0.873502716086263  0  0.105756911575297  2.4001  2.68245113110325 
0.607247533250248  0  0.0425965253050468  2.4001  2.5004178728336 
0.803904808269434  0  0.0813754095708551  2.4001  2.55062051824181 
0.666304607998054  0  0.0716229586014227  2.4001  2.48294405992746 
0.761672999576577  0  0.0920319003316018  2.4001  2.54669422881864 
0.848826055531434  0  0.079454063460801  2.4001  2.71712724385243 
0.620720172064162  0  0.0431135526217439  2.4001  2.49957584069822 
0.49147831323126  0  0.0294923811510798  2.4001  2.34869372236664 
0.693409649102646  0  0.0616369344707193  2.4001  2.36033575610304 
0.814692026695152  0  0.0885941340031712  2.4001  2.36565741139508 
1.06811073234238  0  0.162155396609957  2.4001  2.62752470046029 
0.69291340493248  0  0.107613779404125  2.4001  2.64889635424473 
0.839445936268407  0  0.149504279806776  2.4001  2.73398407715761 
0.864058211788121  0  0.0814971674233427  2.4001  2.78303095286534 
0.759772150137587  0  0.0839648219907532  2.4001  2.48377539035744 
0.71926611655801  0  0.105972492302833  2.4001  2.67377830690863 
0.952916975901649  0  0.126645286917091  2.4001  2.59574410971853 
0.904972646631661  0  0.0911198866498037  2.4001  2.55872912701376 
0.768108228359635  0  0.0746932521808482  2.4001  2.57468566544691 
0.707720185587802  0  0.0772983977313243  2.4001  2.56264033880171 
0.752212823540553  0  0.0894923063513275  2.4001  2.31580426075225 
0.766392034277722  0  0.141560465902245  2.4001  2.86774236061766 
0.518512996187173  0  0.03842153998728  2.4001  2.63586870477815 
0.714897901555263  0  0.0981249775755315  2.4001  2.7782589895758 
0.699183757221914  0  0.110254420300233  2.4001  2.81512252270357 
0.704096759364087  0  0.0614664203389236  2.4001  2.51717275768449 
0.685564477670285  0  0.061952109253432  2.4001  2.89809267135485 
0.690951332001511  0  0.0550294664659775  2.4001  2.80475202180528 
0.569239041565313  0  0.0885538633639481  2.4001  2.76566477521899 
0.619779162651848  0  0.0566171550106392  2.4001  2.41005448150478 
0.844787459062072  0  0.107162173518524  2.4001  2.67491280296095 
0.820037833158611  0  0.0855726881987106  2.4001  2.76357868296596 
1.16415364425658  0  0.171942504599781  2.4001  2.60471007597925 
0.69157482284365  0  0.0882353319031442  2.4001  2.69996396808112 
0.755401096975401  0  0.103297333046758  2.4001  2.44949117193231 
0.911157514454589  0  0.174755916214014  2.4001  3.02656432010425 
0.642287164195875  0  0.0596961279335171  2.4001  2.61586317262859 
1.23522768878056  1  0.195984509652264  2.4001  2.57644222602576 
0.738054130900264  0  0.0869888291023041  2.4001  2.38933260663622 
0.679879290334544  0  0.0523045504504197  2.4001  2.76717508056635 
0.94390042379745  0  0.107204619602129  2.4001  2.56112239244556 
0.688020655591095  0  0.0626832022548692  2.4001  2.30656440785762 
0.554250627450489  0  0.0581699843261158  2.4001  2.35085010252226 
0.959910938991401  0  0.139007213760782  2.4001  2.6040576223321 
0.784713894760341  0  0.0869775377668581  2.4001  2.82837636150839 
0.61275076648856  0  0.0997014756345465  2.4001  2.43448901203283 
0.922253773452134  0  0.118692916631841  2.4001  2.60317810413515 
1.10698907091688  0  0.167604541888572  2.4001  2.6259652759078 
1.04963168166369  0  0.125869000859356  2.4001  2.98873965741339 
0.762647257894279  0  0.0682579753350846  2.4001  2.66216755016268 
0.646913750715082  0  0.0536903738194369  2.4001  2.33180233634538 
0.383359549678373  0  0.0335464419465241  2.4001  2.66401429062593 
