0  0  0  7.8401  7.8401 
3.62631662384435  3  0.821814634200944  7.8401  8.88823077168509 
3.93430956396856  3  0.863932087564212  7.8401  8.48482516671405 
1.83694923894918  0  0.197073719854835  7.8401  8.09548173553241 
1.58570629743475  1  0.13536642799278  7.8401  8.18872415369592 
2.09534763101576  0  0.248023066709106  7.8401  8.15179950723949 
2.2783852620245  0  0.321814477676974  7.8401  8.36817568022448 
5.38796526103567  4  1.26517058361758  7.8401  9.2233527148897 
1.84216490207136  0  0.172378322150818  7.8401  7.90783276598897 
2.30433829645527  0  0.34739679846384  7.8401  8.29482645002431 
2.98603122330691  0  0.554431055134567  7.8401  8.18212347951938 
3.28834993749705  1  0.621302040641991  7.8401  8.20913454155656 
2.87353684628964  1  0.450470502416242  7.8401  8.269313260218 
2.72569677229174  1  0.3958934260217  7.8401  8.40712644603271 
2.17317403396209  0  0.295083391432575  7.8401  7.94127093449962 
3.26943862897054  1  0.561082221842159  7.8401  9.11614222165712 
4.1043623513026  3  0.971518764437365  7.8401  8.42324480906127 
2.01091199852492  0  0.202102973309164  7.8401  8.11715076981357 
2.05523910263112  0  0.221837468174343  7.8401  7.84654973324921 
2.71418325501644  0  0.421808367705448  7.8401  8.85351902944356 
2.80803134772956  0  0.470712226460958  7.8401  8.85081096253303 
2.69646946818293  0  0.571914319352231  7.8401  8.61165185786522 
3.76018283691732  1  0.726477439864176  7.8401  8.149429193152 
1.49258060993481  0  0.143464042725174  7.8401  8.15034910846792 
2.84514887434442  1  0.538885950591392  7.8401  8.36957720870092 
3.10552746167784  1  0.735301733836937  7.8401  8.35669653965787 
2.30036994934602  0  0.392658865986205  7.8401  7.98014357839738 
4.42042660308243  1  1.05992757096375  7.8401  9.0944549643172 
2.64955166319803  0  0.445900210923277  7.8401  8.10653595114283 
3.13872174749466  0  0.485473696664896  7.8401  8.65720341682441 
2.71719071803778  0  0.502544613930098  7.8401  8.38034958214884 
3.22234729619966  0  0.616837903642656  7.8401  8.52712327587308 
3.54765980721485  0  0.909033367772699  7.8401  8.81436924367431 
1.77653675798645  0  0.209158655775362  7.8401  8.17033826103608 
2.26498560339651  0  0.344252746298695  7.8401  8.11348952961492 
2.27065908587981  0  0.312925429009195  7.8401  7.68145704651401 
2.28123708466276  0  0.240190354358665  7.8401  8.25688758352526 
2.42397455557611  0  0.387367644086521  7.8401  8.34040538457965 
3.48659113485102  1  0.595242688164291  7.8401  8.9027668181564 
3.95431615582241  0  1.0101135469955  7.8401  9.59415381820824 
1.97622134659635  0  0.474790914672189  7.8401  8.20912411527252 
2.72840716157745  0  0.471692090419022  7.8401  8.25895356410736 
2.41203659637837  1  0.361682228541096  7.8401  8.1425970459636 
2.85732462177532  0  0.50963717312349  7.8401  8.4301356946644 
2.58646924508475  0  0.397909734827706  7.8401  8.47555658401826 
2.97960705166364  1  0.686426954142924  7.8401  8.67782238672027 
3.74404727780866  1  1.08125468000524  7.8401  9.00244776973523 
2.8993608384865  1  0.54318283491051  7.8401  8.33243350259654 
1.56673984088974  0  0.133627727818257  7.8401  8.28374855486182 
2.43080375896224  0  0.361940550951676  7.8401  8.01021713316127 
2.38565307860805  0  0.45468078124968  7.8401  7.84644163259233 
2.4624817043354  0  0.429810655521933  7.8401  7.95080009408786 
3.4315720172534  2  0.633318957732187  7.8401  8.40570559516134 
2.29618153917203  0  0.423541516196501  7.8401  8.13412656311196 
2.19463191142752  0  0.260821434104014  7.8401  8.89468880665971 
2.43183278770187  0  0.538164143272338  7.8401  8.26124856473178 
5.24511327618826  1  1.64512910944328  7.8401  9.54111363864119 
2.40167012781775  0  0.293198864679381  7.8401  8.26136743527448 
3.11425015476515  1  0.485744366713734  7.8401  8.14599166883479 
2.32985142296625  0  0.270247130292163  7.8401  8.39720842573087 
3.9544262173772  1  0.847967245832406  7.8401  8.80508389616733 
2.3895618969296  0  0.282254157353005  7.8401  7.81204534187984 
2.91606960526409  1  0.485398971675496  7.8401  8.25134640897516 
2.84693758956523  0  0.596206871888661  7.8401  8.42711864119529 
2.07599813437298  1  0.261404669489671  7.8401  7.7364356570556 
3.33568363038258  3  0.738201144826147  7.8401  8.39203400371832 
2.31639146825554  0  0.344582286843423  7.8401  8.78967755175557 
2.87822465091891  0  0.591902916545575  7.8401  8.68238289151094 
2.19645273145311  0  0.239515093088437  7.8401  8.01359818928471 
3.66639646152711  2  0.662452090185409  7.8401  8.52919416907684 
2.01079425376625  2  0.191182206833653  7.8401  7.97110319172595 
2.32049946250224  1  0.382363046778008  7.8401  8.53936462477903 
2.66243347344106  0  0.41730805755559  7.8401  8.21692101640615 
4.88934932744408  2  1.25480839673086  7.8401  8.78791976901518 
2.39176479080325  0  0.325421034464027  7.8401  8.13776643587753 
3.0725488963564  1  0.718841981010478  7.8401  8.83634046500037 
2.05200930748908  0  0.221690067614784  7.8401  8.20377831324522 
2.01701738272774  0  0.235605690131665  7.8401  8.62736426319566 
2.23285372463012  0  0.3316219744153  7.8401  8.06127669569324 
2.86755838367453  1  0.619738547301572  7.8401  8.81906397337659 
3.84771953946215  3  0.719531982118663  7.8401  8.62524626113901 
2.12397284600793  0  0.319863134300053  7.8401  8.19933209033464 
1.71719102474126  0  0.205427149021517  7.8401  7.28483100101216 
2.64050854449717  0  0.37742615801695  7.8401  8.72193934183433 
2.03634250342216  0  0.25080284503516  7.8401  8.31757506661159 
1.70014908302989  0  0.149892222018718  7.8401  7.91515253099433 
2.2715809864194  0  0.336951676819516  7.8401  8.16193807302364 
2.39755196702384  0  0.43157705780142  7.8401  8.23488177721175 
3.21619655582633  2  0.490627038798192  7.8401  8.29951487715637 
1.82961761907252  0  0.201767765559853  7.8401  8.23423205504798 
2.56638748543677  0  0.332626519727249  7.8401  8.2055700168186 
2.74596473421125  0  0.521775408223579  7.8401  8.78488597478662 
1.98771905036221  0  0.241145298399833  7.8401  7.59788698752183 
2.96450536353973  1  0.442506538524678  7.8401  8.06293239719024 
1.95747967882848  0  0.171745332012042  7.8401  8.2211233161406 
2.55370489031496  0  0.413769360957758  7.8401  8.40365213957283 
2.72405736571158  0  0.431082660172177  7.8401  8.3931204129408 
2.56065308819729  1  0.42815702244248  7.8401  8.06058920747319 
2.72717529093612  1  0.423413353794514  7.8401  8.00598799742511 
3.1974777838307  0  0.645561349510551  7.8401  8.75109588178292 
2.83823977378305  1  0.436388651248597  7.8401  8.2779465403811 
2.78207925631781  0  0.439022322367871  7.8401  8.33212397589121 
2.22778811714237  0  0.266268364335469  7.8401  8.21668833066932 
2.26463336350901  0  0.315743090627129  7.8401  8.33403162141939 
2.11894390990872  0  0.265574913569841  7.8401  8.30756245883286 
2.59630376552048  1  0.414816721073281  7.8401  8.0765762916494 
2.10153524750956  0  0.258482889049926  7.8401  8.24002729396638 
1.87438882718739  0  0.21637836031676  7.8401  8.22911724772295 
2.16463937728029  1  0.259437957629891  7.8401  7.9312403657956 
3.42289958526322  1  0.698739088344709  7.8401  8.61250855406154 
1.86947741147435  0  0.207507290680247  7.8401  7.9439620485311 
2.72367798596443  1  0.523160020362497  7.8401  8.2269182038714 
2.36643701782572  0  0.360415706020132  7.8401  8.28156377150103 
1.84699950547207  0  0.193463642577146  7.8401  8.04794028513188 
2.78711841508183  2  0.481824716081175  7.8401  8.04508602582165 
1.90566853506146  0  0.245604936329916  7.8401  8.10943959175274 
2.2878400921126  0  0.292131811656449  7.8401  8.02039688705361 
2.16787001412585  0  0.277376239589886  7.8401  8.26713059787918 
2.74085091836106  0  0.418989361610903  7.8401  8.31224435596899 
2.44976229929807  0  0.311266827476559  7.8401  8.03609837048951 
1.99374458861692  0  0.282887033881935  7.8401  8.45272095129133 
1.74014286668502  0  0.183309962628116  7.8401  7.98147224709193 
2.26909438072885  1  0.351619988055224  7.8401  8.1088897758434 
2.61703130400367  0  0.385856335885827  7.8401  8.39966963254323 
2.50389385303221  0  0.427863076089299  7.8401  7.99254391079149 
2.41122008761233  0  0.370710472009671  7.8401  8.2439510003207 
2.62967553598931  0  0.403199857320398  7.8401  8.50394897108524 
1.89368098885732  0  0.206414711036136  7.8401  8.81709250829667 
2.83833991497432  1  0.441932696808942  7.8401  8.31155795525874 
2.79374049470321  0  0.51542404128357  7.8401  8.82463121129401 
2.44686520060047  0  0.452348975991856  7.8401  7.93327377361093 
1.90591791721702  0  0.235569772436117  7.8401  8.11452806942804 
1.74340571809898  0  0.176099375042582  7.8401  8.21531256236314 
2.72649734171964  0  0.438805241158906  7.8401  8.68270338500229 
2.30656300019989  0  0.265855472595708  7.8401  8.10671117374524 
3.39509006764864  2  0.567684312520819  7.8401  8.68211829736182 
2.2015405369811  0  0.262771275294227  7.8401  8.04570343437604 
2.26170211194716  0  0.434531330967554  7.8401  8.37473185666894 
2.32849149984154  0  0.334273274007493  7.8401  8.6136743569586 
1.83445129393574  0  0.261414624733973  7.8401  8.24158613827823 
2.01683253845241  0  0.284488151052986  7.8401  8.0652447565983 
3.52785222200922  1  0.718453211733094  7.8401  8.96776085214303 
2.04263208868082  1  0.223920775006543  7.8401  8.14112503704094 
2.53824886714673  0  0.310111831817706  7.8401  8.52494856118416 
2.06002189782438  0  0.312721851202498  7.8401  8.40078102664079 
1.95402339426113  0  0.279762481507339  7.8401  7.82987988938376 
3.0435100204688  1  0.566775944105414  7.8401  8.37408738134281 
2.05944156899703  0  0.257135321594089  7.8401  8.33451896704334 
3.05795810777237  1  0.494658295432747  7.8401  7.86502261633446 
2.70549906642959  0  0.455591968733805  7.8401  8.6295308254867 
1.71226319443029  0  0.158670459475888  7.8401  7.91410954819673 
3.62804929724427  2  1.02149454242698  7.8401  8.65222910158421 
2.70397010395839  1  0.409975747521862  7.8401  8.3194481666429 
4.48385346441065  3  0.73242908759178  7.8401  8.70743792273037 
2.82814342125264  0  0.555827579767316  7.8401  8.70294866684309 
3.05581887967643  1  0.712089312768559  7.8401  8.63623476685585 
2.25900947727567  0  0.336963085484166  7.8401  8.12839946486533 
2.65619422737904  1  0.40438011950025  7.8401  8.23170107166031 
2.06024108770807  0  0.299794397000308  7.8401  8.165843521241 
2.36931415909944  0  0.381051479829492  7.8401  8.33131514578246 
3.13908445292399  1  1.16994611121157  7.8401  8.625823862613 
2.59674077119222  0  0.340256981439294  7.8401  8.52112282927721 
2.1069919692601  0  0.453824933890999  7.8401  8.54369596505464 
1.96557138231063  0  0.216446173490754  7.8401  8.36035993767198 
2.09607086941128  0  0.266546072243712  7.8401  8.2466783543812 
2.94910081334478  1  0.543609125824572  7.8401  8.75684207360903 
2.29995991505767  0  0.510916611256132  7.8401  8.40408235389071 
2.43079031932339  0  0.368604848965492  7.8401  8.70262742180712 
2.00166826313401  0  0.237023253299567  7.8401  7.83610077378747 
1.94242186247299  0  0.257391334808222  7.8401  8.0245764232851 
2.68733848701191  1  0.419222515010272  7.8401  8.55057880903668 
1.88728596507271  0  0.233391812753944  7.8401  8.23723192356449 
2.98254158291442  2  0.52060425111101  7.8401  8.52244815559206 
1.6150555303677  0  0.144722443223103  7.8401  8.15720414020869 
2.78538060373944  0  0.853096943375029  7.8401  8.75994008821677 
4.68627567429554  3  1.45510838187895  7.8401  9.36390226641314 
2.56509683085826  0  0.609334995705743  7.8401  8.44335138486401 
2.49178022984522  0  0.357882236451547  7.8401  8.30025485126118 
1.81227447456192  0  0.172150754026642  7.8401  8.32886353007173 
1.93946620945905  1  0.213103001881846  7.8401  8.25887823519581 
2.81293610711363  0  0.431211105484778  7.8401  8.4271601339049 
2.36725819287902  0  0.392456516152658  7.8401  8.44063731586116 
2.31211333008775  0  0.305794931375442  7.8401  8.466811424398 
2.18672232176219  0  0.261272341929126  7.8401  7.69130682622696 
2.72093045252643  1  0.441257354282434  7.8401  8.00200841380933 
2.66100627139559  1  0.332293060339939  7.8401  8.13610354063908 
2.51037326504068  0  0.32067917608933  7.8401  8.35521629684621 
1.94144888880133  0  0.308091469572354  7.8401  8.4988769913404 
2.61996982714136  1  0.375811055583381  7.8401  8.20588821415017 
2.52726934737217  0  0.385733931685164  7.8401  8.51424124496809 
2.69792255120737  1  0.419445425398841  7.8401  8.69376453762167 
2.29999222876549  0  0.319109076820909  7.8401  8.05551305680195 
1.79422814112624  0  0.174336902776505  7.8401  7.91234269523811 
3.11766732582906  2  0.593999760234264  7.8401  8.4583943205611 
1.67493751489226  0  0.182588510779439  7.8401  8.05735188761198 
3.18158715080757  0  0.619334712207314  7.8401  9.03093419813332 
2.39362786334972  1  0.287159798879865  7.8401  7.99780207149635 
2.84215330661294  1  0.393679224398882  7.8401  8.52711900200643 
2.13142587188585  0  0.224210500180065  7.8401  8.46781660315303 
2.76988174580661  1  0.558474381428673  7.8401  8.51286446478825 
2.12832781630389  0  0.354213296518484  7.8401  7.8771647777953 
1.80902814783119  0  0.201209903180638  7.8401  8.1716664709273 
2.54980754155865  1  0.444217890614445  7.8401  8.31124822742113 
2.32713814594532  0  0.310924841416451  7.8401  8.30336900553805 
2.09915428507049  0  0.296559166451205  7.8401  8.479213404287 
2.80150200744401  0  0.444513769882237  7.8401  8.77259847139899 
2.69025008574657  1  0.407274455173162  7.8401  8.08265832505476 
1.87722454189888  0  0.196311485366819  7.8401  8.07842219077313 
2.30211262753374  0  0.352299180161137  7.8401  8.36530718910646 
2.63535416568736  0  0.359380732891789  7.8401  8.45079808255255 
2.93363778227173  0  0.4699016066392  7.8401  8.26053421993433 
2.41421901509207  0  0.424134080467327  7.8401  8.54586777150626 
2.99970707050261  1  0.492143881500773  7.8401  8.4458679434062 
2.37644494055646  0  0.509562605613928  7.8401  8.63907643480302 
1.96527377363237  0  0.271030849548984  7.8401  8.20216568005119 
2.35434360438985  0  0.33600258085853  7.8401  8.10730219701844 
2.40601995938612  0  0.363448974478241  7.8401  8.60521720093688 
2.13255375639079  0  0.288703975197096  7.8401  8.48745003148583 
1.96284712622472  0  0.248314493273956  7.8401  8.69311607133944 
2.1870596581577  0  0.290969098582447  7.8401  8.09110315823975 
1.99886058761675  1  0.261579730384004  7.8401  8.35390664832073 
2.39997046882991  0  0.290666144414948  7.8401  8.2092132273874 
2.93319724637848  2  0.426263712853015  7.8401  8.34797706575378 
1.7125531025897  1  0.160979809429369  7.8401  8.03153687787808 
3.72296293034758  2  0.754169915021227  7.8401  8.76813420979209 
3.58503278791135  1  0.663965896918468  7.8401  8.35415586877362 
2.43823383010717  1  0.326545387705128  7.8401  8.52336970858548 
3.32119569674499  0  0.833678096500551  7.8401  9.24968642752099 
2.39313400545223  0  0.370575149036582  7.8401  8.69268814802211 
2.25275498600356  0  0.260135844894097  7.8401  8.38067140852702 
2.35210838522059  0  0.2889083671905  7.8401  8.58053027010687 
2.49947760898338  1  0.331111462792384  7.8401  8.15725216597586 
2.2914483382379  1  0.39268950070772  7.8401  8.3379475076055 
2.3307449078174  0  0.36316258729363  7.8401  8.40692324192986 
3.17748455958549  2  0.468698000533531  7.8401  8.34482954409846 
2.60877832114769  1  0.418456006704036  7.8401  8.49142416336445 
2.97872084400264  3  0.518495902093499  7.8401  7.67436949184679 
2.24590276248456  0  0.331935107356536  7.8401  8.00962439303551 
2.07634777542467  0  0.255439307964939  7.8401  8.80936074699894 
2.38355010370799  0  0.358937922220389  7.8401  8.12246148114255 
2.98256807615019  1  0.470906003679672  7.8401  8.68903893677195 
3.09967234400512  1  0.791992567491648  7.8401  8.53326077866866 
2.74592812734185  1  0.414243881538505  7.8401  8.17080511544883 
1.95205682372177  0  0.276337044736586  7.8401  7.58274460449078 
2.10898943700077  0  0.239631755239772  7.8401  8.01831978021968 
2.44646700370671  0  0.304149516296739  7.8401  8.30646057235194 
2.1471757178287  0  0.288999560157907  7.8401  8.2367893196407 
3.06293142554212  1  0.62063972680674  7.8401  8.4027128924147 
2.18836997307515  0  0.301461833373168  7.8401  8.05820137579633 
2.46216467955481  0  0.384802651267071  7.8401  7.92913474449334 
3.15541995038742  1  0.502653184321311  7.8401  8.6872150404778 
2.71822830791119  1  0.422918801379391  7.8401  8.22207556678458 
2.16086161826873  0  0.366901525766682  7.8401  8.30534018778169 
1.8379221428889  0  0.318587217822681  7.8401  8.43272062798717 
2.19404992581193  0  0.326240820699855  7.8401  8.23337853890531 
2.65640505666716  1  0.399636156555225  7.8401  8.4605748392887 
3.57421680918948  1  0.638095149162714  7.8401  9.2259848612198 
4.1092779710245  1  0.8845632704043  7.8401  9.14589446925224 
2.45408606032728  0  0.372696026254543  7.8401  8.26902838016315 
2.5193260416568  0  0.39869854780301  7.8401  8.20113099516741 
1.3723394525896  1  0.079299614767481  7.8401  7.84030941297791 
2.11471804254264  0  0.297623068849997  7.8401  8.65578137133204 
2.37680477953586  2  0.357950681241428  7.8401  8.8069812879769 
2.59392260585189  1  0.364397787368014  7.8401  8.04975769333731 
2.78781198259229  1  0.440794184900059  7.8401  8.69295790898757 
5.13489816046898  4  1.53515916971293  7.8401  9.31105971873667 
2.14924176939112  0  0.260070142585025  7.8401  8.05383173171603 
3.06158460504069  1  0.552173338482519  7.8401  8.45499403964535 
2.38640875580429  0  0.409914192361607  7.8401  8.71572630681074 
1.97985999780224  0  0.205740450063837  7.8401  8.33129656158817 
2.70362055406019  1  0.460223717630373  7.8401  8.76444337359972 
2.78033571448249  0  0.557984288665382  7.8401  8.96803570324295 
1.73972551993286  0  0.221680496827019  7.8401  8.03289540273258 
2.47197033748462  0  0.390818979707553  7.8401  8.66095140916978 
2.8969066521451  0  0.44414327235258  7.8401  8.65125810292477 
2.44539497418808  0  0.385401181268254  7.8401  8.29120209503034 
3.94103665612634  2  0.985183661976099  7.8401  8.90463508756814 
2.6171381900329  1  0.402797547002875  7.8401  8.14220512127675 
3.41126623325685  2  0.571872322135786  7.8401  8.4654725281335 
2.5047662580838  0  0.394267970520628  7.8401  8.5900538253943 
2.81358413517495  0  0.40959719106977  7.8401  8.09296501962733 
1.8447040553509  0  0.200989324261793  7.8401  8.81875914978907 
2.72304410330392  1  0.693100171535321  7.8401  8.14639968104772 
2.06792498683944  0  0.285606370451034  7.8401  8.34373092843497 
3.08592254806114  1  0.459147794065247  7.8401  8.95953798185116 
2.49169640514399  0  0.376335169828827  7.8401  8.37988175422301 
2.76496409019168  0  0.513777507287213  7.8401  8.18482253441209 
2.3449437879892  0  0.310001762420708  7.8401  7.86524327537836 
2.23839684354299  0  0.245788087090608  7.8401  8.265175506779 
2.67377495919851  0  0.546453538361895  7.8401  8.54983326996819 
2.17448681032421  0  0.240019083733885  7.8401  8.57174020171165 
2.86779362836885  1  0.494429768576203  7.8401  8.05820235318057 
3.56175055098785  2  0.693288457601596  7.8401  8.44663749819552 
3.79896732179639  2  0.850985371548018  7.8401  8.73514440487533 
1.90291259915279  0  0.220375713924263  7.8401  8.13180411072425 
2.35637643335799  1  0.328252642314176  7.8401  7.7506953776484 
2.33443643345181  0  0.397206400547407  7.8401  8.09150146387537 
1.84361706203559  0  0.205016694893435  7.8401  7.58275913698238 
2.62045216562434  0  0.491920943538669  7.8401  8.40485103146673 
2.84905198239518  0  0.419355988961182  7.8401  8.17388021768018 
2.19281538480053  0  0.268461388319054  7.8401  8.59493522565913 
2.58179650094393  0  0.470700878025734  7.8401  8.54455899084256 
2.40728391360707  0  0.407975398154999  7.8401  8.27728034882215 
2.89211044188824  0  0.434598301701202  7.8401  8.62230335217263 
2.46166085688704  0  0.420441832312236  7.8401  8.23310615873045 
4.22113554652077  3  0.820105597943631  7.8401  8.69261269079304 
2.91489599896027  1  0.48160437230077  7.8401  8.7600422889461 
2.52808930646224  1  0.346130736616312  7.8401  8.24356336692832 
2.60508944443744  1  0.314643538444104  7.8401  7.95431934538557 
3.80965545439576  3  0.683028424459591  7.8401  8.44527672868379 
2.14686407076544  1  0.55188173473105  7.8401  8.67897313138223 
3.20139551101036  3  0.52422672125413  7.8401  8.50392653674187 
2.21004520958068  0  0.292200493476741  7.8401  7.8641196026861 
2.73594305884744  0  0.385108564817321  7.8401  8.33076551812705 
1.62549066326663  1  0.147815509393735  7.8401  7.42774092419433 
2.21026335275664  0  0.277503846458997  7.8401  8.59429767228258 
1.72263975396046  0  0.16260051658177  7.8401  8.14220304434749 
3.5666794723467  2  0.816730356213548  7.8401  8.11606168738393 
1.88363750024515  0  0.216354917849635  7.8401  7.69661944080153 
2.0709136195274  0  0.237877234590338  7.8401  8.65424430867328 
2.44320093239074  0  0.306739741418625  7.8401  8.65086998889775 
2.84000081275634  0  0.630009256847319  7.8401  8.23784799928054 
2.87556911618366  1  0.512613805150116  7.8401  8.44429874289578 
2.39911272155147  0  0.325452831058147  7.8401  8.54009344951335 
4.05688862257032  2  0.921874831326736  7.8401  8.80834207104014 
2.63151289530698  0  0.39988878257625  7.8401  8.20157803294847 
3.55144328566061  1  0.666567344372436  7.8401  8.77438204139819 
3.92018080962295  2  0.842577479105201  7.8401  9.0676982879036 
2.21165590347203  0  0.337845169514081  7.8401  8.00081641334317 
1.9771461708091  1  0.276229232149457  7.8401  8.31577793804762 
3.54533660670537  1  0.752539624845961  7.8401  8.89636087608484 
2.22814357095977  2  0.359755390831341  7.8401  8.1392336499873 
1.48469542975571  0  0.142435919874345  7.8401  8.29435831288547 
2.96613987795221  1  0.572239162604266  7.8401  8.57593174511983 
2.8629426399998  1  0.452576194872805  7.8401  8.15944955206356 
2.58006065855298  1  0.415541690357262  7.8401  8.48826134927018 
2.5720025707236  1  0.48476209185981  7.8401  8.42936061237785 
2.26895372609109  0  0.256195539757016  7.8401  7.87491397979208 
2.08287568757121  1  0.245327180562009  7.8401  8.20670108980315 
3.20780273373538  1  0.764855255639431  7.8401  9.11668131315818 
3.02750856494897  1  0.614653144187555  7.8401  8.68191787225284 
2.7317771692391  1  0.471706202929086  7.8401  8.56308438752906 
1.80910885228608  0  0.171931750194495  7.8401  8.1021917265049 
4.50629234581609  3  1.26671887708672  7.8401  9.24874925365983 
2.16366410987325  0  0.433757714004954  7.8401  8.55446394692546 
2.52379165544877  0  0.366125591839925  7.8401  8.21652298361828 
3.01343437188337  2  0.944023606959633  7.8401  8.90028037002704 
1.78679289242935  0  0.1968182726121  7.8401  8.17056066000461 
3.1181742578809  0  0.540677568050344  7.8401  9.02113620540699 
1.81006863031254  0  0.214599305438657  7.8401  8.36208158737021 
1.9526212686924  0  0.237851309124597  7.8401  8.34906317381853 
2.06022043238277  0  0.223051040412387  7.8401  8.19601794591326 
2.76914759326364  1  0.409291494340109  7.8401  8.14233049618652 
2.08000893200361  0  0.228638135415684  7.8401  8.06937159008132 
2.08189026488426  0  0.267047579325638  7.8401  8.04764341237455 
2.27477898472465  0  0.29940775420126  7.8401  8.57108392812026 
2.16071125507852  0  0.300622021296579  7.8401  7.90888001278662 
1.98232957982169  0  0.212756728599002  7.8401  7.85884031353033 
2.2810673436612  0  0.433459162222208  7.8401  8.23454777665625 
2.44369346293101  0  0.33849074054735  7.8401  8.28624068700446 
2.62674700679847  1  0.34370572959388  7.8401  8.46074560465122 
2.68668225409436  0  0.388689686206982  7.8401  8.21957742707182 
2.59897810030886  2  0.390250119254717  7.8401  7.84732807146748 
2.31854395424323  0  0.274162346251027  7.8401  8.86247672755513 
2.47645760208862  0  0.382303820321003  7.8401  8.12888307249491 
5.13634504750012  3  1.50928171835956  7.8401  9.14292808905038 
2.1885458799519  0  0.27892372179045  7.8401  8.25639194921517 
4.2890626987725  2  1.07711598507075  7.8401  8.98759753805305 
1.97226985940621  0  0.217637806459688  7.8401  8.12837350249709 
2.4480574261815  1  0.331156776663346  7.8401  8.45104332278645 
2.36960089638925  0  0.335618801082583  7.8401  8.0975772988892 
2.170567617961  0  0.304613603359418  7.8401  8.40899008723672 
2.29935235255643  0  0.433587385124889  7.8401  8.40884967275527 
2.35119320168827  0  0.353939195933824  7.8401  8.43495815768394 
2.15685157208365  0  0.235555628308713  7.8401  8.152516325816 
2.66610331047331  0  0.40543732361471  7.8401  8.77094763877684 
2.23128729709103  0  0.254976254446693  7.8401  8.84002499982174 
2.24962846140082  0  0.294872930307654  7.8401  8.49622870387094 
1.97952432081288  0  0.217930261029915  7.8401  8.43112563739667 
3.44703378480803  1  0.754230051777896  7.8401  8.95199334429257 
3.23724264190722  1  0.596559440379543  7.8401  8.79647241174547 
1.91605480281758  0  0.23871422774047  7.8401  8.27768089312815 
2.48468991394587  0  0.342777649347327  7.8401  8.12703564900188 
2.38056310565325  0  0.42592363628521  7.8401  7.723160109697 
2.594708964473  1  0.434094495470005  7.8401  8.43701380603572 
3.3796558460689  1  0.70366347715836  7.8401  8.37830834672303 
2.79255759525849  0  0.400196051658189  7.8401  8.37386896956166 
2.64040540282805  1  0.327574348888354  7.8401  7.91923238575776 
2.73956375893803  0  0.450839681462717  7.8401  8.3085828565899 
2.56623248637301  0  0.422585755896384  7.8401  8.4463295085176 
2.00267152310719  0  0.263206725071125  7.8401  7.84638216039434 
2.17881755912184  0  0.254895761977657  7.8401  8.69215545033336 
4.26584764251575  3  1.02870116982067  7.8401  8.44722676886615 
2.80444435326708  0  0.367271538915322  7.8401  9.04366115658807 
3.18784244018181  1  0.752519507397615  7.8401  9.54480338317623 
2.07833354368954  0  0.27768652864154  7.8401  8.24036050176395 
2.41690443026214  0  0.34248357691928  7.8401  8.4434448583632 
2.44451215949593  0  0.288158166140561  7.8401  8.09174736961735 
2.85431821565335  1  0.470508822155552  7.8401  8.31506144841267 
3.72921125974272  1  0.938772436860374  7.8401  8.38119061370779 
3.41528033132195  1  0.6925643376199  7.8401  8.71217302193527 
2.59900314874176  0  0.558251778056655  7.8401  8.75464036786254 
2.00970616018576  0  0.224635009872357  7.8401  8.58731945413712 
2.18049343813751  0  0.248763617228481  7.8401  8.34803422103976 
2.86220656106662  1  0.511162082029595  7.8401  8.6690318359009 
2.44905492005829  0  0.340260134780769  7.8401  8.53650846451652 
2.49685773380028  1  0.316232648795802  7.8401  8.33624659006885 
1.92287461942834  0  0.275622898910811  7.8401  8.62866862936355 
2.60160763652525  1  0.462981022575981  7.8401  8.27608134450939 
3.40955837080132  1  0.538730332270347  7.8401  8.58468543597988 
2.05575823767184  0  0.28432589861502  7.8401  8.34105282740278 
3.60606618771763  1  0.678752974672571  7.8401  8.65683458175951 
2.27810595293873  0  0.285753629098922  7.8401  8.10872624850208 
2.20591057243678  0  0.251274331476938  7.8401  8.65891642766838 
2.40276405924571  0  0.420910469171679  7.8401  7.88341838416502 
3.03249332895221  1  0.619859029784618  7.8401  7.8839819615224 
2.12270065905264  0  0.237606741543435  7.8401  8.62968848170525 
2.67492774710217  0  0.383768417700145  7.8401  8.32640976002886 
2.04764762123846  0  0.337037805752931  7.8401  8.17194506558213 
2.54661045937258  1  0.366482292988496  7.8401  8.34550552041708 
2.12638404173737  0  0.27228143360638  7.8401  7.9874084778265 
3.27030345391845  1  0.636357905519524  7.8401  8.3105719477304 
2.02154250370442  0  0.205222561181268  7.8401  7.99946108195165 
2.25043756035761  0  0.261191424755329  7.8401  7.99942958885186 
2.20121995942882  0  0.277703546160558  7.8401  8.21034109487457 
3.24772565008407  0  0.600328030458975  7.8401  9.08721854952644 
3.50470142530995  1  0.825996312044358  7.8401  8.67704927989546 
2.15350947759988  0  0.258898859815757  7.8401  8.1304703414176 
2.97132714889071  1  0.461685290109552  7.8401  8.32241864187649 
2.83287392155535  1  0.517683062968332  7.8401  8.35863321432186 
2.66258785804039  0  0.532429027351456  7.8401  8.57743339943012 
1.90974608194717  0  0.238339562240932  7.8401  8.19085367407917 
2.85658773293168  1  0.540299537193782  7.8401  8.31999065271647 
2.60255172906926  0  0.342894854889946  7.8401  8.37067381532184 
2.2156103984259  0  0.320043512356598  7.8401  8.25783659731906 
2.32133528926149  0  0.291051941080706  7.8401  8.56025989617091 
1.71270596399242  0  0.19857549827743  7.8401  7.9442476448348 
2.01387919067404  0  0.257609893480629  7.8401  8.00302672709095 
2.12035374580046  0  0.240474256857466  7.8401  8.59611983715483 
2.45560414810534  0  0.337551750651952  7.8401  8.38324563774437 
2.22831534332152  0  0.306603310646844  7.8401  8.17482873997063 
2.28991558837417  0  0.280926279414028  7.8401  8.40607048284906 
1.90314305989817  0  0.196726208854709  7.8401  8.05087193227787 
2.65680642068666  0  0.398440522717052  7.8401  8.56176893581289 
3.08992705930956  1  0.615652086940754  7.8401  8.72477660298653 
1.88262478370897  0  0.209017906712369  7.8401  8.31860501558002 
2.71475853997427  0  0.384006385897164  7.8401  8.7741415264159 
1.94083487072337  1  0.216631115312894  7.8401  8.52176374905901 
2.77357092502177  0  0.403814531421788  7.8401  8.07141453818577 
2.43994786215178  0  0.294018691263643  7.8401  7.98621115584222 
1.99462617731354  0  0.262692089962092  7.8401  8.01381056228522 
1.63788192210407  0  0.144013517751572  7.8401  7.91728826630605 
2.45266780606564  0  0.370494791998504  7.8401  8.26075293244894 
2.24060688209811  0  0.332839816688219  7.8401  8.43873911354216 
2.68155819011303  0  0.541104489542506  7.8401  8.33071050195981 
1.86203457080956  0  0.297125795395047  7.8401  7.9865354883782 
2.62499098225161  1  0.660133572977518  7.8401  7.9159496482751 
3.28674295550902  1  0.535242874061216  7.8401  8.79741196802583 
3.98838168982812  2  0.90992130234845  7.8401  8.87863779282942 
2.53438316597474  0  0.35842796670985  7.8401  8.45379910480955 
3.35391662033884  1  0.693855879752258  7.8401  8.41356195940029 
1.92906364255324  0  0.188021520538685  7.8401  8.08272863349467 
2.22085559515013  1  0.314460181884832  7.8401  7.93291299744017 
2.02026346731254  0  0.288341734299956  7.8401  8.44496031600654 
2.60175225676108  0  0.4425237699045  7.8401  8.38545763199464 
2.5326755329969  1  0.36059077744778  7.8401  8.33748334977057 
2.0065279401327  0  0.251891193566937  7.8401  8.32418472389778 
1.73590914700792  0  0.227055145565042  7.8401  7.88861472069832 
2.18594466569514  0  0.302348340665396  7.8401  8.35962146031254 
2.73966954038625  1  0.485402941228384  7.8401  8.45567552745726 
2.95200019365849  1  0.451779491806788  7.8401  7.84167658458721 
2.78901179692069  0  0.579265981835086  7.8401  9.07294381959269 
2.39464256146147  0  0.296372619402811  7.8401  8.09332221830113 
2.03608914874628  0  0.291220415905726  7.8401  7.79981419494476 
2.12568202670868  1  0.242560478213576  7.8401  8.16677862133868 
3.10408446011589  1  0.549684824565828  7.8401  8.73276848021032 
4.25957350649472  2  1.30126428975361  7.8401  9.07015456802632 
1.95159138966939  0  0.287231489086819  7.8401  7.55936084194361 
2.18922126557672  0  0.249638252960622  7.8401  8.64564029923336 
2.66308210738691  0  0.343601108611534  7.8401  7.94771447689969 
3.00828106217246  0  0.63949126695252  7.8401  8.59540989297929 
2.99098367874295  2  0.53148935353259  7.8401  8.32166036870553 
1.95292845398006  0  0.284429772706627  7.8401  7.96446193143619 
2.50741973713394  0  0.400051407556625  7.8401  8.76741913719976 
2.35672660288949  1  0.415646993436135  7.8401  7.88515607854119 
1.48456895880362  0  0.147599620367828  7.8401  7.98743739875439 
2.18571837034647  1  0.323325225133216  7.8401  8.41481558047237 
2.30569201477108  0  0.391887031801751  7.8401  8.62868517637312 
2.59110182650473  1  0.405974018499959  7.8401  8.47174922230275 
2.10528483418702  0  0.264246136759393  7.8401  8.51278952479405 
2.47480142886627  0  0.38473662706232  7.8401  8.04762786772169 
2.46183452191139  0  0.327365151338956  7.8401  8.119876746361 
3.64307178471163  1  0.66084153927153  7.8401  8.73042794349082 
2.46836057667034  1  0.386212999087583  7.8401  8.03118993634407 
1.8749276950719  0  0.197516853587085  7.8401  8.12937474357404 
2.65022921714484  1  0.394633466067943  7.8401  8.17673016665119 
3.85926693304475  2  0.690198767837076  7.8401  8.56030167383297 
2.71070472460124  0  0.357653217425553  7.8401  8.15941202401151 
2.0457473371179  0  0.249846588975843  7.8401  7.96760942217048 
2.71294202936679  1  0.491888738592401  7.8401  8.59160982389704 
3.97298647951745  3  0.708625959311756  7.8401  8.73384272242808 
3.92178614379856  2  0.898035113667812  7.8401  8.68680389750878 
2.80596313673256  1  0.439550072439648  7.8401  8.47058127363002 
2.78180318811049  1  0.431718808720431  7.8401  8.40766689524233 
2.00103324442472  0  0.227747700464866  7.8401  8.11541858712396 
3.01805968497632  0  0.479768080249904  7.8401  8.67718133508874 
1.88331747114482  0  0.219025731252323  7.8401  8.18979182701458 
2.3015879444038  0  0.304491034758028  7.8401  8.48554655682738 
2.47177099926446  0  0.381471845483178  7.8401  8.51317576678442 
1.94288157051341  0  0.254137823621258  7.8401  8.05794600706105 
2.75584945842682  1  0.507117944365467  7.8401  8.5544307216742 
2.33069318426682  0  0.312004080631434  7.8401  7.61028369067298 
2.40146390091387  0  0.321613668462306  7.8401  8.909589543259 
3.83355171381928  1  0.847541137284184  7.8401  8.82903979795868 
3.67884753975072  1  0.850685382335366  7.8401  9.15049767433905 
2.19508564166863  0  0.289752316458432  7.8401  8.17342990942188 
1.84381348072273  0  0.197044419282218  7.8401  8.04446713764957 
1.62325423376483  0  0.157582398195057  7.8401  8.06030768432099 
1.88625364912922  0  0.216191038332219  7.8401  7.98177477893796 
3.11391382628565  1  0.573891545269364  7.8401  8.2991199245775 
2.14211854201582  0  0.263670357280302  7.8401  8.30436842861129 
3.37992792042958  1  0.614642130693986  7.8401  8.74074718034891 
2.17136543354034  0  0.31974600434788  7.8401  7.995694017567 
2.08383568301289  0  0.267510680272959  7.8401  8.2865507005518 
2.65397910689242  0  0.451126405865616  7.8401  8.23875077546769 
2.38537512333954  1  0.431559483741598  7.8401  8.48815799322666 
2.62996559252322  1  0.362152923782803  7.8401  8.28994135089706 
3.37201968083379  0  0.572192078830894  7.8401  8.68401438245439 
3.49702297425307  1  0.890970012853101  7.8401  8.55983350621467 
2.3067041655679  0  0.318647142504112  7.8401  8.03830895722937 
2.86243438658359  1  0.559529547578182  7.8401  8.7821192237607 
2.30992144310589  0  0.302025403251155  7.8401  8.47477815686952 
4.32592166973622  3  1.33631408096324  7.8401  8.44955733948224 
2.70290947502469  0  0.412781591085014  7.8401  7.77730662677961 
2.2677948635003  1  0.303926666556491  7.8401  9.08986759135471 
2.52376282266502  0  0.359824489018702  7.8401  8.61953044384034 
3.29938962981212  2  0.7916014723491  7.8401  8.60805295940177 
2.71301431844578  1  0.370268575454412  7.8401  8.67770942938739 
2.52296343647521  0  0.378216464822072  7.8401  8.42115328420311 
2.26492237042595  0  0.264321382454616  7.8401  7.84096672155438 
2.03547758007345  0  0.207891638368339  7.8401  7.92901482690553 
4.39355479120916  3  1.21756629790964  7.8401  9.45945856344395 
2.33239360464373  0  0.362530384500602  7.8401  8.08322683909525 
3.07712825791405  2  0.552405024144047  7.8401  8.411222028127 
3.79131933540373  2  0.99027700882274  7.8401  8.65771117704507 
1.64410588153257  0  0.179757588629498  7.8401  8.26824744507439 
2.41333685085689  0  0.305580775300086  7.8401  8.34367364873753 
1.95637972995532  0  0.225010818061031  7.8401  8.53364392460728 
3.75789267678457  3  0.732049419468744  7.8401  8.80830987786471 
2.43055531738923  1  0.384679416310554  7.8401  8.2699301265978 
2.63192903934629  0  0.467200892179485  7.8401  7.94474383882045 
2.95315478842622  1  0.463964282717738  7.8401  8.40777945779029 
3.78488992867109  3  0.846272094863748  7.8401  8.45779758634066 
1.41161255893745  0  0.112301370539062  7.8401  7.899434006373 
2.68811199890115  1  0.461167332451311  7.8401  8.42582290252126 
2.91985624323708  1  0.476589693562384  7.8401  8.78956146805708 
1.36219351831425  0  0.117414694730645  7.8401  8.40613351323958 
3.31926614574375  1  0.515055747035899  7.8401  8.39780729607225 
2.6872838791084  0  0.344498044439228  7.8401  8.39753420382969 
3.41110322215364  0  0.746682346405572  7.8401  9.02850570044052 
2.77565460147072  1  0.388498127733544  7.8401  8.38610845028892 
1.81097549565671  0  0.36692323288358  7.8401  8.25084017862051 
2.43423376746324  0  0.304754630343168  7.8401  8.30674888054584 
2.49425568802787  0  0.338396681480709  7.8401  8.78118110815297 
2.90448323565273  0  0.588915066713567  7.8401  8.3420383622507 
2.20805226734441  0  0.409387357156243  7.8401  8.04482691562554 
2.60603887158054  0  0.508067858238274  7.8401  8.10187298232982 
2.16666718797362  0  0.257474313099498  7.8401  8.81729504722978 
2.42135432760101  0  0.361366467740981  7.8401  8.05329464971278 
3.22751823750845  1  0.609931318960953  7.8401  8.24104670307747 
2.24778173193229  0  0.304795193433446  7.8401  8.64370786203762 
2.01491749664375  0  0.275850467922482  7.8401  8.25034838610296 
3.97731619732135  3  0.667505535144725  7.8401  8.87248942252621 
3.01713747722957  1  0.479854150282307  7.8401  8.86264932770063 
2.0478910408482  0  0.273679701582185  7.8401  8.44415451390057 
2.36095180663325  0  0.311868774309728  7.8401  8.61477400009966 
2.14793689500794  0  0.324031331254241  7.8401  8.46023001770925 
2.32015304595399  1  0.380121145098203  7.8401  8.07987304896909 
2.05543468247458  0  0.265405279548928  7.8401  8.56689494222277 
2.60405771557888  1  0.411232314637407  7.8401  8.16002246922803 
2.0616567155744  0  0.243691618751331  7.8401  8.68278774032363 
2.09453686817361  1  0.235423948818019  7.8401  8.54731857020853 
2.21997536647632  1  0.365909350166802  7.8401  8.4458851078065 
2.67229309604751  0  0.403303832662414  7.8401  7.99519326212987 
2.20420994176884  1  0.318168880638657  7.8401  8.6264422388915 
2.18534813611257  0  0.362784266702637  7.8401  8.66935175330499 
2.8413360025314  0  0.399259291702315  7.8401  8.85190218303015 
2.70344352512237  0  0.404910917564339  7.8401  8.42969337425125 
2.38522370862779  0  0.282544649956516  7.8401  8.01513792427804 
1.91564767490058  0  0.199188896904211  7.8401  7.97509878427008 
3.0944782795138  2  0.524010222261651  7.8401  8.38005731553739 
2.48101948887476  0  0.417692079398938  7.8401  8.13607028518795 
3.64851457951711  2  0.857522158977274  7.8401  8.44912508136562 
2.41148946870165  0  0.34382609727503  7.8401  8.34394759868392 
2.2586563063747  1  0.3189849253409  7.8401  7.91255029042604 
3.2741635615051  1  0.460754837086347  7.8401  8.55860360023776 
2.13488640789827  0  0.277667359752577  7.8401  8.15650411592996 
2.28641525087485  0  0.322140924115795  7.8401  7.68859869114565 
3.2307226937678  0  0.546658486271612  7.8401  8.23233814813186 
1.67691519980449  1  0.171278776268856  7.8401  7.88206708362952 
2.10135792912366  0  0.272698760110938  7.8401  8.6598648394723 
2.41724627055682  0  0.281749179617912  7.8401  8.46347316845346 
2.11367714786266  0  0.331612857996997  7.8401  8.49477662045013 
2.4625395314772  0  0.442717235994531  7.8401  8.78999645777354 
3.19673831421711  1  0.554211235203028  7.8401  8.35817580408176 
3.11195898974315  1  0.621325648903198  7.8401  9.00068186407319 
2.41189813897157  0  0.292388201036271  7.8401  8.3800216501836 
2.89071022254903  1  0.415304529980379  7.8401  8.2716864420977 
2.88503200762622  0  0.483201788524687  7.8401  8.63628770248729 
1.76382207005623  1  0.155440590894749  7.8401  7.86784209760128 
2.10292338668773  0  0.314190015150603  7.8401  8.06191166187151 
2.88128855145381  1  0.413869604825671  7.8401  8.55100482926879 
2.29694128597529  0  0.296166303467837  7.8401  8.6061240327682 
2.19069946849219  0  0.35598831251247  7.8401  8.51346699501114 
2.20310680802091  0  0.286648713395488  7.8401  8.48899236186899 
2.59975111573596  0  0.408289018330096  7.8401  8.55052578664817 
2.50099898500601  0  0.416120593621213  7.8401  8.38205306841747 
1.97766000754837  0  0.267509031558804  7.8401  8.27205724919474 
2.2138031250991  0  0.25665237505873  7.8401  8.60411616796462 
2.49506936073709  1  0.423698796062805  7.8401  8.49007031340249 
3.36861275394004  1  0.551104655462621  7.8401  8.72403938375473 
3.20322125748884  0  0.531727159746777  7.8401  8.80166338060214 
2.8121102873334  0  0.602995675743648  7.8401  8.50864240956444 
2.9988079683064  1  0.686153086349354  7.8401  8.75280104378805 
1.99337535614469  1  0.221511279255879  7.8401  7.80254330514444 
2.25384407621576  0  0.316552289073007  7.8401  8.3930207110089 
1.4608899647815  0  0.141912418953144  7.8401  8.56043045896644 
2.74479531850442  1  0.431381101434017  7.8401  8.76570410184003 
2.78537242806751  0  0.374933720502683  7.8401  8.68330296852287 
2.95034984616217  2  0.674909692935148  7.8401  7.83363369252327 
2.46901403278159  1  0.3371383142763  7.8401  8.36410919643344 
3.92735101401747  2  1.05432899709754  7.8401  8.7779553460014 
1.88480966589077  0  0.184766084020292  7.8401  8.64781297821537 
2.78100319059552  1  0.545063121514755  7.8401  8.57230084602846 
1.69310792854644  0  0.177912395230069  7.8401  8.25699985480943 
2.92539277143984  1  0.534432606716289  7.8401  8.51167342961943 
1.88469792771272  0  0.329593867207551  7.8401  8.25728118085929 
2.29766129259441  1  0.368738339636558  7.8401  8.10067557771794 
1.72222119804304  0  0.143526311437303  7.8401  7.61859379293579 
2.12789509078288  0  0.276635500306426  7.8401  8.23014116614656 
1.80892341957725  0  0.1790504512876  7.8401  7.92776182777513 
2.01034531571098  0  0.230302083261399  7.8401  8.01578534201495 
2.81520864349923  1  0.822957696468487  7.8401  8.91182529401074 
3.82023101300262  2  0.853412621301385  7.8401  8.79692581203719 
2.75136101987296  0  0.477648913353698  7.8401  8.60887102765163 
2.01082296802271  0  0.341461604821102  7.8401  8.15261404834841 
2.31027836300802  0  0.263050069864398  7.8401  8.41295105473504 
2.23038512727959  1  0.342769784447464  7.8401  8.1588971730203 
2.91666660967175  1  0.579407005775659  7.8401  8.75146363589033 
2.48213896120258  1  0.515070749242274  7.8401  8.32223154679856 
2.61175020690191  2  0.348889510131947  7.8401  8.63493536187791 
2.36421056312598  0  0.350791688176196  7.8401  8.64938232399752 
2.77382781421484  1  0.56847661067965  7.8401  8.40307117322751 
2.62541571261327  0  0.490828932557763  7.8401  8.12803681756157 
3.02432594400717  2  0.55554603414305  7.8401  8.43562427338797 
2.07214436985039  1  0.239930211239047  7.8401  8.29556424307475 
2.46165533571845  1  0.34694166620413  7.8401  8.28727325920468 
3.02961391236546  1  0.514366836131484  7.8401  8.82020020252994 
2.43074710750527  2  0.348416076515931  7.8401  7.88292625407654 
1.86749072319672  0  0.208251645028073  7.8401  7.9394099133224 
2.29645835491015  0  0.29606157728927  7.8401  8.29657222265226 
2.17148687316681  0  0.291059685204757  7.8401  8.11992504608172 
2.04009634425869  0  0.325295390821124  7.8401  8.24202016592858 
2.58960906681225  1  0.310640386756278  7.8401  8.50372219390908 
2.28196983373173  0  0.28094266393267  7.8401  8.39946646443141 
2.20706771554162  0  0.272271387717181  7.8401  7.33156355798262 
2.95259464908164  0  0.480500344917108  7.8401  8.62055016390898 
1.61269285919619  0  0.113371371595756  7.8401  7.84389363194747 
2.67541752358774  1  0.553091674927499  7.8401  8.53832015151774 
3.49056869457081  1  0.663244364993221  7.8401  8.68322519090805 
3.20425145822159  0  0.465991508047927  7.8401  8.04768008630477 
2.48438863488788  0  0.343375002895933  7.8401  8.36084067280187 
2.15527705639537  0  0.272445751467964  7.8401  8.29463385012845 
2.24566370251885  0  0.382520535356678  7.8401  8.59244502587078 
2.95022204817433  1  0.443338649521793  7.8401  8.50588265979672 
2.62977867232723  0  0.417107999235981  7.8401  8.49673998218302 
3.0944700553471  0  0.50603800274851  7.8401  8.39437516887417 
2.30199649300349  0  0.375424811914191  7.8401  8.3847502015919 
3.55993342787026  2  0.658547680359817  7.8401  8.84320854545056 
2.50536378538897  0  0.340282223183843  7.8401  7.70754436960317 
2.70293863045543  1  0.469433365514786  7.8401  8.31474733509593 
2.61209283857134  1  0.462367393141424  7.8401  8.5402375299096 
2.40055754868125  0  0.443453861805477  7.8401  8.40622172371174 
3.40053578480132  0  0.758195467694314  7.8401  8.50815695301461 
2.52586016894406  0  0.364314905090194  7.8401  8.77827521702777 
3.50330960303967  1  0.667521053976073  7.8401  8.20923884196496 
2.41986961890655  0  0.447728141370984  7.8401  8.32189435688175 
2.56155728420886  1  0.306792850099227  7.8401  8.37889956664369 
2.04027842519454  0  0.284569828055969  7.8401  8.12342457265283 
2.51189593435644  1  0.336227877450013  7.8401  7.91646993748692 
3.26673174471775  2  0.744070452531245  7.8401  8.50620252557022 
3.50649605626795  1  0.848381089423135  7.8401  8.77030727393602 
3.93597731614007  1  0.825770330502381  7.8401  8.90301013352317 
2.42946728197461  0  0.323303158258451  7.8401  8.32078555865744 
2.16493038686693  1  0.314197931945962  7.8401  8.23230618226097 
2.78801941907033  0  0.661273570201727  7.8401  8.28375394287339 
2.01012168241361  0  0.234861814513944  7.8401  8.37957884417502 
2.20876213949751  0  0.330178127327493  7.8401  8.31918412896208 
2.00176106296156  0  0.195990025128177  7.8401  8.05328498801465 
2.90110497594956  1  0.506258008563771  7.8401  8.30927064502302 
2.30744057082099  0  0.382587799956511  7.8401  8.46738973375155 
1.91193382801037  1  0.286813160921788  7.8401  8.28677991459851 
2.28353280687598  0  0.301009941942353  7.8401  7.98551625062411 
2.19191796094975  0  0.277102708402986  7.8401  8.30644168303654 
2.56656887897432  0  0.309485354752834  7.8401  8.01446917798712 
1.92662845997356  1  0.262341952808033  7.8401  7.69742955128738 
3.73927290807733  2  0.703393672257226  7.8401  8.6777765393511 
2.11454517343809  0  0.22375924345903  7.8401  8.3929032526267 
2.3741820461391  1  0.354876666984663  7.8401  8.18837301571455 
3.13433068728198  1  0.550017016415154  7.8401  8.73409463815766 
2.27463774167532  0  0.246765129751975  7.8401  8.23112740165157 
2.28634475316084  0  0.381303986138738  7.8401  8.08104587034448 
3.03120897184938  1  0.437603744040017  7.8401  8.09689449691463 
2.53966334510505  0  0.438659987037564  7.8401  8.50556985716498 
3.59483027005674  1  0.7482809366077  7.8401  8.70672615572736 
2.96625530745965  1  0.561531713201732  7.8401  8.54263043591071 
2.71518361592651  1  0.448364209808482  7.8401  8.80785297740672 
2.06908462665868  0  0.348096513595055  7.8401  8.2787792422617 
2.7459163743611  1  0.425657644907377  7.8401  8.40311882121658 
2.61977921045572  0  0.355019154722317  7.8401  8.36451288597167 
2.42702317297642  0  0.381082696430621  7.8401  8.05125727808428 
2.19702147645822  0  0.369590955126741  7.8401  8.08496764559792 
2.74216402007743  0  0.61958388487271  7.8401  8.5023451369033 
1.68403802382062  0  0.205495041666718  7.8401  7.95392838624535 
2.18888087034081  0  0.308818530365093  7.8401  8.36235244148016 
3.31308232560514  0  0.752728566515859  7.8401  8.72164243366502 
2.01705346125643  0  0.253979522786827  7.8401  8.11162018246257 
2.03764714223953  1  0.24638306058711  7.8401  8.17614164708673 
1.77715680651557  0  0.186181854192112  7.8401  7.9881967786501 
1.97934659268429  0  0.211582259915408  7.8401  8.10721358140587 
1.93211217468571  0  0.202450899720263  7.8401  8.15383397510319 
2.13663572629886  0  0.287525248849254  7.8401  7.83091874564517 
2.64790073047334  0  0.547526488209166  7.8401  8.33859966295295 
2.93107677173872  2  0.414460497657669  7.8401  8.27321094553785 
2.89846398688163  0  0.624009588165952  7.8401  8.25997994616802 
2.7594849704712  1  0.430393204246851  7.8401  8.65679564435233 
2.84597200035767  1  0.391358718522322  7.8401  8.23682673909808 
2.47270862938673  0  0.32946508138229  7.8401  8.13032242247237 
2.05790048153107  0  0.31441939600029  7.8401  8.34708639135109 
1.80980476924807  0  0.246696301428262  7.8401  8.13025555312371 
2.18154958984035  0  0.263382390793214  7.8401  8.29096432917914 
2.3009509641272  0  0.261327930603694  7.8401  8.16059423947508 
2.4455862414611  0  0.282493504202439  7.8401  7.85713611997756 
2.35195435837558  0  0.268184587946838  7.8401  8.08806731584281 
2.59847286117402  1  0.398271513481995  7.8401  7.88342119679307 
2.54450911625921  0  0.422921755595315  7.8401  8.79226067705022 
2.94989754525482  1  0.560658757762726  7.8401  8.49998121019176 
2.20336236044147  0  0.318759667684773  7.8401  7.95979809636451 
3.23569821034587  2  0.49814113025907  7.8401  8.76321610809173 
2.99512849757507  0  0.532007261060594  7.8401  8.72187081148138 
2.16878675482333  1  0.27694686930308  7.8401  8.22940402089957 
4.16689102690296  2  0.958213789504584  7.8401  8.60305140275066 
2.30653108386121  0  0.319063583744392  7.8401  8.4207675157814 
2.26248589601894  0  0.277149363074178  7.8401  8.39770102810607 
2.64284916647455  0  0.38394527682315  7.8401  8.48753985460206 
2.58693140898732  1  0.411844232648816  7.8401  8.29988674761461 
3.0459501213801  2  0.570098455699933  7.8401  8.21032629564093 
2.48957954248197  0  0.377897896579686  7.8401  8.09992671291557 
3.0037123755198  1  0.548087350880693  7.8401  8.47904778576024 
2.24210296669377  0  0.325711232018364  7.8401  8.57032367747143 
2.21585074745434  0  0.288945381598548  7.8401  8.29183376206372 
2.63190425379913  0  0.410005412080519  7.8401  8.02581631233848 
2.8468760480434  2  0.487171917893555  7.8401  8.15461090326992 
2.71111176028042  0  0.584116302385428  7.8401  8.40350296926414 
1.93985475364077  0  0.248479629465231  7.8401  8.29728343692947 
3.85919653255648  2  0.667025461844532  7.8401  8.70702840245879 
2.80208641978314  1  0.448304700017008  7.8401  8.3505139952332 
1.93979535755922  0  0.242844977580398  7.8401  8.08914399294456 
2.14286841350744  0  0.289345444921216  7.8401  7.89516677870655 
2.4080102249077  1  0.356565328589684  7.8401  7.93157840216308 
1.99649872235803  0  0.221137462602733  7.8401  8.12058211147314 
2.45522205099425  1  0.610072741918174  7.8401  8.20188269775707 
3.65047281693326  2  0.669629435607788  7.8401  8.4483520790768 
3.35682352889421  2  0.553270707938119  7.8401  8.21576069733215 
2.57760292513822  0  0.344170244801103  7.8401  8.36449940699657 
2.01244817294282  0  0.243603268544714  7.8401  8.31769443309515 
3.48569181485047  1  0.718722033072041  7.8401  8.93338718651447 
2.51475305079513  0  0.363514494894705  7.8401  8.52426564992099 
2.71881959654209  1  0.457604281958595  7.8401  8.07746328399306 
2.36073109349659  0  0.454668430824698  7.8401  8.71032909547261 
2.03732983607464  0  0.239657784106298  7.8401  7.72233185615091 
2.92641301207035  1  0.50237773613859  7.8401  7.84058831271866 
2.50319520707394  1  0.371949290790546  7.8401  8.40534441869734 
2.45208354336497  0  0.442446954405029  7.8401  8.12785297704838 
1.94771664774293  1  0.23176754058056  7.8401  8.29064267691876 
2.04845011592204  0  0.279667749171968  7.8401  8.08927988865525 
2.42374701948731  0  0.307515976371778  7.8401  7.96973036701656 
2.35019698688014  0  0.303767222641835  7.8401  7.98171191568978 
2.81296719015694  1  0.478216337920071  7.8401  8.2848398071538 
1.97051527469199  0  0.309118358414385  7.8401  7.96485465011805 
2.51881023499253  2  0.316521491587615  7.8401  8.41128535442273 
2.63930781734929  0  0.502746067121214  7.8401  8.6526419566027 
2.77386350190463  0  0.431769592096788  7.8401  8.93623608255257 
2.84760508333031  0  0.540905590667902  7.8401  8.627462950671 
3.01894086579824  0  0.480679000589729  7.8401  8.85510497158288 
2.06665949393485  0  0.235419485249078  7.8401  8.09588926257504 
2.29029232299344  1  0.266265883599811  7.8401  7.93631011724161 
2.64387488922036  0  0.50273064462778  7.8401  8.5397864426037 
2.26322279264225  0  0.393210221537249  7.8401  8.62688164440178 
3.13001268932765  1  0.526322017529602  7.8401  8.90704629361315 
1.8539559593613  0  0.244534071107268  7.8401  8.02423810212806 
2.45002483066041  0  0.391008172562112  7.8401  8.4523030359579 
3.02219180892616  1  0.456590057815106  7.8401  8.49867521099538 
2.40570956662777  0  0.329620229732664  7.8401  8.72045436332514 
2.71258182415647  0  0.65990738472141  7.8401  8.9310860404176 
1.70539306619348  0  0.179419424500205  7.8401  8.15839299945137 
2.6504473972936  0  0.431649942746128  7.8401  8.78305943605511 
2.31737951625402  0  0.307246401532035  7.8401  7.83264816660949 
1.84732102239527  1  0.234280279662487  7.8401  8.38745149234685 
2.46395087725842  0  0.395329088299137  7.8401  8.40325660266469 
2.64841323207027  0  0.477835041932113  7.8401  8.2067110826272 
1.98385393509512  0  0.250430369632508  7.8401  8.47137883145434 
2.20633550855369  1  0.255267137821648  7.8401  8.28706375745906 
2.64096022514538  1  0.365509334967677  7.8401  8.23710023266765 
5.7065777341181  3  1.78772408510542  7.8401  9.92431122378235 
1.83718496113389  0  0.170122168879845  7.8401  7.99246823413857 
2.98926635150293  1  0.567568729906708  7.8401  8.75933498483679 
2.39746796187917  0  0.497195649842704  7.8401  8.14433514233709 
2.45335672184748  1  0.405016067792339  7.8401  8.52804531086609 
2.03664043085493  0  0.307115229611638  7.8401  7.44518486208754 
2.26092992505505  0  0.295537423540855  7.8401  7.95660589006789 
2.03206801236234  0  0.250764322363172  7.8401  8.58244706361042 
2.05544424966901  0  0.295591538083691  7.8401  8.62073237829062 
2.77340241511918  0  0.469741882237506  7.8401  8.68044443942285 
1.81954245503399  0  0.258826646816529  7.8401  7.79152622090476 
2.5343465363666  1  0.31691389076846  7.8401  8.50276965865185 
3.34345217191197  1  0.658601341803496  7.8401  8.77615183126429 
2.85760337095639  0  0.511674695708743  7.8401  8.48866273743819 
4.12843223358017  3  0.869407709187351  7.8401  8.50136937699457 
2.33390012035485  0  0.297908766216391  7.8401  8.54088639310696 
2.23788284070247  0  0.397943469293191  7.8401  8.20298466810401 
2.70912256441219  1  0.406690689905013  7.8401  8.02001616253669 
2.65100738885395  1  0.422199592957246  7.8401  8.74599994515814 
1.77534492573914  0  0.16885011579327  7.8401  8.30533524315481 
3.03097751838713  2  0.557420672660827  7.8401  8.0097012118075 
2.07509786269235  1  0.250814267749625  7.8401  8.08469226301942 
2.85783744243995  1  0.603431204998491  7.8401  8.30089149757655 
2.23417159566886  0  0.36293426238722  7.8401  8.57316126187815 
3.13697153369753  0  0.606779325822239  7.8401  8.89514361473746 
1.70821663328719  0  0.143002495883088  7.8401  8.11032951022751 
2.86745922280101  1  0.411321160763225  7.8401  8.2258116257965 
2.44024542842273  1  0.461911164411923  7.8401  8.27090438597367 
3.99759283606244  1  0.950333141313042  7.8401  8.86932108278912 
2.14122088221781  0  0.302763108710183  7.8401  7.64181015473269 
2.34711232791215  0  0.361031837810589  7.8401  7.82994060502256 
1.85648719729423  0  0.206725538116372  7.8401  8.77147510648345 
2.14632957640665  0  0.32308763213744  7.8401  8.40878766364488 
1.93686284909677  1  0.21575238897028  7.8401  7.48335863433761 
2.79810799408981  0  0.399091300134852  7.8401  8.29107324049964 
2.70275036495088  1  0.389425459926157  7.8401  8.13039199224154 
1.66720220855315  0  0.139969702821083  7.8401  7.8874696937323 
2.92363395784048  2  0.396746507145933  7.8401  8.4386382200106 
2.37642323763771  1  0.336685439182497  7.8401  8.34109739427597 
2.87470868172972  1  0.566628619713514  7.8401  8.60154343280379 
1.69316184889559  0  0.263688085685452  7.8401  8.57501371875251 
2.48865566005965  0  0.377701441534964  7.8401  8.69249119411295 
2.61032074995812  0  0.691107923556273  7.8401  8.59836354247288 
2.83961534800094  0  0.487192706826255  7.8401  8.70183722339911 
2.68323356550919  0  0.493804180215837  7.8401  9.34713306758109 
2.38559139374077  0  0.306313316971842  7.8401  8.24954032467472 
1.9281775206804  0  0.184571787271767  7.8401  8.12170591969393 
4.15654535332567  3  0.892784500160933  7.8401  8.56754221866278 
2.47375720579531  0  0.393811959485483  7.8401  7.62442087323951 
3.04562093493137  0  0.832884212484359  7.8401  8.67241695462622 
5.04876600547837  5  1.29300415383699  7.8401  8.82894652151031 
1.98006714353607  0  0.251636998143164  7.8401  8.23240758704241 
3.52717875688476  0  0.638355411435906  7.8401  8.89625475159713 
2.60154146423037  1  0.410922790916247  7.8401  8.5854146720042 
2.29581854457085  1  0.313516117580212  7.8401  8.56713770792885 
1.76631390667786  0  0.209251810704378  7.8401  7.74158388944614 
2.78138747789958  1  0.642589490238761  7.8401  8.26076276236822 
2.68138880063794  1  0.586699706017535  7.8401  8.42512850325589 
3.11052738594834  1  0.478977325845496  7.8401  8.83709866719675 
2.37570673334669  0  0.313393550656  7.8401  8.21163177984047 
2.40120701809961  0  0.381327423084007  7.8401  8.52466702411423 
3.38773295193428  2  0.771240636351005  7.8401  9.09799335124394 
2.64694527781225  0  0.4294752618533  7.8401  8.4515809159791 
1.73418854774598  0  0.153546236643918  7.8401  7.60389479521221 
2.94772122262191  1  0.52092122962666  7.8401  8.16091581133664 
2.29218647931735  1  0.336825400478326  7.8401  7.52993430570043 
1.80223994593279  0  0.197608304986458  7.8401  8.0860045215026 
2.45712522822249  1  0.331784906115169  7.8401  8.1678807567865 
2.30581753876718  0  0.443277819778052  7.8401  8.07008567753083 
2.91693047652251  0  0.492310713826757  7.8401  8.4089046879164 
2.0054681906133  0  0.40159675717523  7.8401  8.31374761175211 
1.91880330744657  0  0.283804511827823  7.8401  8.38556128271043 
3.28146531798806  2  0.558289458244689  7.8401  8.49610579272948 
2.45813012768717  0  0.480991086584849  7.8401  8.59112438865582 
2.05244420526639  0  0.246459467993868  7.8401  8.33654408298548 
3.67381424952445  1  0.719712080198794  7.8401  8.99920621411973 
2.92589862350241  1  0.680306467777938  7.8401  8.38210141577067 
2.8869397361551  2  0.415756353798499  7.8401  7.89142737103357 
1.94659728693198  0  0.237221967626968  7.8401  7.80018936897204 
2.61779400177529  0  0.385178880894185  7.8401  8.55062530797783 
1.85293307208291  0  0.238467275646849  7.8401  8.07067738838248 
1.94432758006065  0  0.224357424620474  7.8401  8.65980686376858 
1.53147401564558  0  0.135715919738623  7.8401  7.85276325932344 
2.38452194082132  0  0.355744497097548  7.8401  7.7363359272522 
2.68724473878765  0  0.490632460495209  7.8401  8.37895182345172 
1.73021459305554  0  0.157047064001332  7.8401  8.27330193211346 
4.8176041992758  4  1.30771028017939  7.8401  9.31840215901408 
2.4584276749851  0  0.445438166088485  7.8401  8.46367081039362 
2.47276769012578  0  0.459477118566685  7.8401  8.25531218650708 
2.17210155533561  0  0.291936773479465  7.8401  8.24619625157909 
4.12759516255339  2  0.952656759926127  7.8401  9.44538108724694 
2.09011734315227  0  0.285050773180691  7.8401  7.97930940892555 
4.41796857103531  3  1.00103761120969  7.8401  8.33894651447819 
1.98383076897899  0  0.228772140481703  7.8401  8.48409982831078 
2.33237416213729  1  0.438844434722046  7.8401  8.47886849316227 
2.36375970829111  0  0.277616117392455  7.8401  8.39031160969897 
2.64155545365989  0  0.372063015982939  7.8401  8.29820014432154 
1.89574968934497  0  0.22395132325611  7.8401  8.02750500871548 
2.05769183597563  1  0.206786840969167  7.8401  7.70184269154915 
2.6932192125112  1  0.393630985587746  7.8401  8.35896367743012 
2.02230065538983  0  0.265972139823957  7.8401  8.1707528361883 
1.71270435133581  0  0.155841425544544  7.8401  8.47820942017632 
3.13022191532312  1  0.592689858273888  7.8401  8.39758811420026 
2.04134733093982  0  0.267817164708042  7.8401  8.03692653575819 
1.92384739345522  0  0.208790949691565  7.8401  7.78606560087518 
3.91326116749323  2  0.933167268003694  7.8401  9.02233612171599 
2.04456581839898  0  0.33558147929916  7.8401  8.38570691840979 
3.39543760831866  2  0.791608339110734  7.8401  8.52806099777043 
3.08745244564596  0  0.534986247622896  7.8401  8.4738795155272 
2.14667644564097  0  0.283917160709973  7.8401  8.25180711910025 
1.8659104320028  0  0.206109338443166  7.8401  8.15447494976362 
2.79452338050787  0  0.721262108148279  7.8401  8.68927991045808 
2.05183135064919  0  0.275930602407817  7.8401  7.93514480196501 
2.4978184365295  0  0.429752354762163  7.8401  9.23654529170672 
2.9258850452421  0  0.542267731239848  7.8401  8.26953744706266 
1.93965195573655  0  0.269539438881961  7.8401  8.60791042877384 
2.50653223950882  0  0.308676602757274  7.8401  8.15389204095574 
3.62797738960998  2  0.593218690938959  7.8401  8.49247871083052 
4.05903640729648  2  0.906605582822091  7.8401  8.73656732164347 
2.62826992442714  1  0.335185143328696  7.8401  7.9528224164801 
1.8950939594267  0  0.190688302876061  7.8401  8.39254631014559 
2.66726212872547  1  0.473776997710376  7.8401  8.37868138357841 
1.89942183012093  0  0.230655123969184  7.8401  8.40812952935333 
2.38756237016134  0  0.306882993437558  7.8401  8.1225760638901 
2.34106953022794  0  0.326707100506024  7.8401  8.51487332198917 
1.91062607684902  0  0.246303718164971  7.8401  8.50888572542262 
3.50307605282869  1  0.77456836550877  7.8401  8.72961346991221 
1.61130801700578  0  0.14993200061237  7.8401  8.03311347288279 
2.83486908634769  1  0.492801333494498  7.8401  7.832886853874 
2.51780639665889  0  0.374125301479959  7.8401  8.41094392606696 
2.17122893635297  0  0.38914946134561  7.8401  8.57908845692151 
1.46772336159131  0  0.14210604894444  7.8401  8.25870743807925 
1.85729317482752  1  0.141399526993327  7.8401  8.08083516517399 
2.00429965787073  0  0.273286054834247  7.8401  8.16431605970137 
3.55624833665617  2  0.748640505550261  7.8401  8.22874486989206 
2.36365788270419  1  0.453957910203568  7.8401  8.48575770364005 
2.16906056980418  0  0.271416360745541  7.8401  8.64528030831078 
2.49473357695041  0  0.406472781945446  7.8401  8.29896980389146 
2.15932921178494  0  0.270489177989801  7.8401  8.08022977809874 
2.3748363105373  0  0.29339306195493  7.8401  8.11722839621993 
3.846674558212  0  0.902853126161902  7.8401  9.53032529549733 
2.75301199177408  1  0.447513881831729  7.8401  8.30827662749141 
3.56164551267654  2  0.700343346412117  7.8401  8.11362246891019 
1.53184705772302  0  0.169511681130011  7.8401  8.4007346434304 
2.809372935079  0  0.468797763401637  7.8401  8.75213672846369 
4.0412339289502  3  0.755399811889483  7.8401  8.71056029412764 
2.13148933858111  1  0.25137032126048  7.8401  7.98559268818115 
2.29389333534711  0  0.304627707322873  7.8401  8.2379718990327 
3.86338678039465  2  0.779417693560115  7.8401  8.55163723182141 
2.22273219650025  0  0.263593122339035  7.8401  8.09301774502893 
2.60004718607545  1  0.389742140408437  7.8401  8.09044150014538 
2.2514688057091  0  0.280320748556611  7.8401  8.29776594634188 
2.23489540961461  0  0.359190129986634  7.8401  8.03949697573608 
2.02152780778831  0  0.22211427613145  7.8401  8.42179948605896 
3.60825377877004  1  0.624669367931619  7.8401  8.84429770256617 
2.0358183457656  0  0.228577741969735  7.8401  8.22200260227011 
3.07762229144724  1  0.611774665328979  7.8401  8.50990971095132 
2.34010906798682  1  0.283651554570831  7.8401  7.85619516015948 
1.82064543826612  1  0.303541306937872  7.8401  7.4844316499432 
3.72766996888396  3  0.710580355844673  7.8401  8.56337245709958 
1.75234226904911  0  0.199026373393065  7.8401  8.06778829115167 
2.66704031521853  1  0.440475322383037  7.8401  8.61238570800287 
3.87979228661812  1  0.848430388166723  7.8401  9.12873662217721 
1.78015561931348  0  0.199380034517457  7.8401  8.2600408650369 
1.83638223909799  0  0.210036017677936  7.8401  8.13120239116992 
3.3590910228108  0  0.669319470818937  7.8401  8.72274623975769 
1.90204943825999  0  0.192668851223492  7.8401  8.08725199686238 
5.11612122004896  3  1.47304756895269  7.8401  9.2718701022223 
1.76097020527563  0  0.241951480116674  7.8401  8.05874884999973 
2.28282315151354  0  0.363717211578174  7.8401  8.20860428250893 
2.54858182038189  0  0.39402644499307  7.8401  8.51604330628111 
2.59023911554569  0  0.501376363005979  7.8401  7.97766228537678 
2.48121722172421  1  0.340669927003572  7.8401  8.26669597354702 
1.45238371468339  0  0.123422688663981  7.8401  8.05602938529905 
2.26185313488003  0  0.321655415403497  7.8401  8.61667488116843 
1.82035635868169  0  0.224976237876241  7.8401  7.99945290230033 
2.43281259728418  1  0.435755457963447  7.8401  7.84848794928712 
2.30649605923884  0  0.302730320307506  7.8401  8.75394037295304 
2.53744203594737  0  0.789256088260956  7.8401  8.23153822886687 
2.01253004957623  0  0.249514254084101  7.8401  8.3101013356841 
3.59553051110281  1  0.702331701704014  7.8401  8.91534758029087 
3.21182056143271  2  0.776451557927037  7.8401  9.1355699725747 
2.71163645840285  0  0.482582548555098  7.8401  8.28636380700986 
3.01405198232061  1  0.580109239212034  7.8401  8.2369902689524 
2.51523170398321  0  0.341664718542223  7.8401  8.31838243490921 
2.09848988903881  0  0.210515952934038  7.8401  7.75618401602055 
2.54882319282382  0  0.326719323986168  7.8401  8.10921662676073 
