0  0  0  11.2001  11.2001 
9.97718681673131  5  3.59354090770104  11.2001  13.0392014011544 
8.69281822257123  4  3.18257480951056  11.2001  12.6551873833927 
11.1489786787552  6  5.18985332020386  11.2001  13.533653425612 
5.4876737961966  2  1.30518390083779  11.2001  11.6330132396906 
6.77147148954593  2  2.35334914346309  11.2001  12.6155505658816 
7.597017324724  4  2.53103235387856  11.2001  12.5440564887013 
7.94313747182601  5  2.54612063652597  11.2001  11.7264031965701 
11.4986637768963  6  4.64983139270575  11.2001  13.956045507498 
15.5103994933102  8  6.84824805595862  11.2001  16.0196938189572 
8.52175137865591  2  3.01522353986158  11.2001  13.2585461803205 
9.31839471019956  5  2.56145145928934  11.2001  13.0205602678126 
8.13409430301079  5  2.68088399548443  11.2001  12.5112907330458 
7.37644266278281  4  1.45990814744753  11.2001  11.3994487706705 
8.67328387395574  6  2.33536886561396  11.2001  13.0344868558298 
16.5479410516966  9  4.72440168654078  11.2001  14.8387712559685 
6.50586897626254  3  1.3860399094057  11.2001  11.728775382313 
10.0202187734642  6  4.06456646422719  11.2001  12.6137070598457 
10.0941369227903  5  4.90420665327133  11.2001  13.3060399089584 
8.35030429162678  4  3.02652867991263  11.2001  12.4604917824009 
8.71029008708869  4  4.34466690805329  11.2001  12.5311687667831 
9.36570838453895  6  3.60061079104155  11.2001  12.3204903613198 
10.341706218079  5  3.83090846173845  11.2001  13.4650767740501 
13.1919269179821  7  5.9686583141099  11.2001  13.7847174510553 
13.3642735397291  7  5.87257045059268  11.2001  14.6313254588052 
7.17066994859756  4  2.57233966792612  11.2001  12.3956963528556 
6.21898197338895  3  1.83924083231237  11.2001  11.9089574037027 
10.3110692150148  7  3.5252350294959  11.2001  12.1318940270626 
6.86693303749189  3  2.40294020204922  11.2001  11.9873344657315 
8.65978105664528  5  2.5054203459617  11.2001  12.4385880374357 
9.02761452489405  3  2.99337131324313  11.2001  12.2779523967951 
8.40050298108634  6  2.7578540835549  11.2001  12.5600134866845 
10.7017991903616  9  2.57795423391595  11.2001  12.8482333765041 
8.72350825626591  5  2.99761823662119  11.2001  12.5020286912078 
5.76514712248739  3  1.48079556821259  11.2001  11.1456650961574 
13.3965105584591  6  4.98820735943456  11.2001  14.78338034752 
8.46616972692036  4  2.94146650952159  11.2001  12.237526802036 
6.15657151300514  2  2.25251742865053  11.2001  12.730583470806 
13.8661317247329  8  6.16155073706666  11.2001  14.951366844503 
11.2719865365016  7  4.37297379550226  11.2001  12.9531648584642 
9.01980571181525  4  2.69511468167446  11.2001  12.2295181531787 
9.49100168448066  5  2.77396309746357  11.2001  12.9259799407137 
8.2485801716781  5  2.8554546391544  11.2001  12.3120678782855 
13.2401340786131  7  6.51453453778253  11.2001  14.01186285865 
10.9605891175723  6  3.96752548657643  11.2001  13.3569587895058 
8.41578493727723  4  3.05702347404974  11.2001  12.9974932359424 
8.31059235813129  3  3.2904956406372  11.2001  12.8968948933413 
6.25085453177904  3  1.81525317392689  11.2001  11.3490241603738 
6.77394865765964  4  1.90657026194679  11.2001  11.9929374165654 
4.7863796380927  3  0.980233229663215  11.2001  11.6088640493351 
9.87022995900923  4  4.38812294969826  11.2001  13.1908828613514 
6.89010952901429  3  1.71192040621628  11.2001  12.8544735744916 
8.37695565138824  4  2.52684622327476  11.2001  12.1743355268615 
8.19117420938004  4  2.97811685985617  11.2001  12.723412427218 
7.52270739716069  4  3.06363570808108  11.2001  12.9569750341736 
8.85630705996291  3  4.31036199302041  11.2001  12.2068387443585 
6.11379656496619  2  1.92025301354076  11.2001  11.5676129577952 
10.8858195607987  5  4.70994254092566  11.2001  13.8857347553246 
4.8435427233163  1  1.24891736560732  11.2001  12.0485223760326 
6.81837321553837  4  2.04355604316563  11.2001  11.8401754849285 
10.1701502510969  5  6.52619105901847  11.2001  13.6243508801012 
6.9142672339114  5  1.64469220108938  11.2001  11.5200243325533 
9.96800604847041  5  3.32390617088791  11.2001  13.316108646827 
10.2713272419691  6  2.70236000949398  11.2001  12.6732271108424 
8.35266012463899  3  2.81012008168671  11.2001  12.7344746660254 
10.8731581448443  5  4.41538002482227  11.2001  13.7538134620746 
7.98566588319502  4  2.86641476734418  11.2001  12.4786770309804 
7.16981743171575  4  2.30288036638636  11.2001  11.9784975483499 
13.1121264110798  8  3.94109063105823  11.2001  13.1377429522005 
8.43088692871454  4  3.36723194483706  11.2001  12.2035839939621 
11.3566729110713  6  3.43649485315807  11.2001  13.2173664038682 
13.0729290533686  7  6.06079746413241  11.2001  13.462818414374 
12.1243755638219  6  6.07685741192977  11.2001  13.4070911398343 
11.8904203717532  6  4.32716225362906  11.2001  13.0600812491995 
11.2217134441444  5  5.70457960415342  11.2001  14.0184035670544 
9.68170940177795  5  2.6854369835751  11.2001  13.38055393747 
4.57272779722216  2  1.28706835217227  11.2001  11.5270212891895 
6.36250737979889  2  2.02435290159974  11.2001  11.8313908476548 
8.18067576746648  5  2.14182148390702  11.2001  12.7547843082789 
10.0496625011765  6  4.34441413395276  11.2001  12.7542993794536 
11.160701802621  5  4.65343460101413  11.2001  14.4052913492804 
8.19806632881608  6  2.62931253344183  11.2001  12.3586506407264 
9.9383227452441  6  3.24568351444881  11.2001  13.7767632318051 
11.638574913349  6  3.66867451896934  11.2001  13.6486703897583 
9.11155632783566  3  3.14381884830782  11.2001  12.7623001755351 
11.1840325963494  6  5.79822134204574  11.2001  14.5399630878614 
6.35308116777988  4  2.04603739335172  11.2001  12.2303220815042 
14.711921055006  8  5.33118940728509  11.2001  14.8209602832699 
8.74767805494659  6  2.60974870270379  11.2001  12.1861850473061 
12.7451702770083  8  4.97781034058775  11.2001  13.5093713473444 
9.35262113794082  5  3.68888228885912  11.2001  12.9871199806553 
11.9257938510305  7  3.05271477370846  11.2001  13.7189471969297 
9.73342291438446  4  4.58780818950212  11.2001  13.5096132487993 
11.1751706545141  7  3.39769035320496  11.2001  13.2764977192248 
8.74008782608426  4  2.69626013843667  11.2001  12.9710595410352 
6.92446375709687  4  2.10817496235625  11.2001  11.7771341319035 
7.19012594456227  2  2.854183630131  11.2001  13.4321824879592 
11.6476641243449  6  4.95893782491263  11.2001  14.2784362136357 
9.18814043821537  6  3.1152234358554  11.2001  12.2088338741719 
9.68593475410966  7  3.06890615722394  11.2001  12.8829594223453 
10.4361778374878  6  4.09646214603683  11.2001  12.8519484008017 
9.62551646404387  5  2.68007582134885  11.2001  13.4268390559816 
8.34017537304741  6  2.56901987411185  11.2001  12.4251621501698 
11.0223339214286  6  4.06205217753109  11.2001  13.2561260916613 
9.18079826308485  5  3.2342756149265  11.2001  12.9557568199065 
6.67705401051958  2  2.10260155680039  11.2001  13.0313015599217 
10.9385483717825  7  5.0086989142206  11.2001  13.5224904224502 
9.73473289794255  3  5.1403045571083  11.2001  14.198630502104 
8.77562960651547  6  2.68268432144645  11.2001  12.9190481097078 
6.89882492340816  3  2.54896443202579  11.2001  12.1396039321136 
5.12619195362417  4  1.32346354471136  11.2001  11.5800478582444 
6.19313256864091  2  1.83832979620249  11.2001  12.0409973862633 
12.4725878944166  7  5.26639547548398  11.2001  13.0961159423622 
9.72086269558186  4  4.13495869574493  11.2001  14.1056624508925 
9.49302444308567  5  4.19055903360564  11.2001  12.9840051748247 
9.90302735088581  6  3.23679684381835  11.2001  12.5029874053628 
8.61642552226923  5  2.96067995783982  11.2001  12.819110650513 
11.8205630450698  6  5.90878155255136  11.2001  14.5694425696337 
15.1681452681511  9  4.65644380619221  11.2001  13.2481357052107 
8.41984241826617  4  3.08373838958329  11.2001  12.7480610707987 
5.17562985131464  2  1.2882176301115  11.2001  12.2832919227615 
11.3835571614444  5  4.76888885591709  11.2001  14.0070098522542 
6.32599118666824  3  1.83982369405451  11.2001  11.6216715580036 
8.11396714310068  4  2.4240818013428  11.2001  11.7858467925333 
11.9273447062223  8  3.48803234838115  11.2001  12.8309395842989 
10.2450573857133  5  5.71343864893019  11.2001  12.8896972044078 
8.98720176654334  5  3.97826917632483  11.2001  12.7477826476764 
6.03560691925473  4  1.57276977227143  11.2001  12.3109801862664 
9.01097475311965  2  3.68281737783231  11.2001  13.412909845679 
9.92441080290343  5  4.8720775812491  11.2001  13.2783272112477 
12.9456773449423  8  4.15920016464273  11.2001  13.8296703978377 
6.28126727536765  3  1.68738406693805  11.2001  11.592137194912 
7.67037284567783  5  2.66924521267811  11.2001  12.1602787130348 
8.37825084588219  4  2.23283095438874  11.2001  12.2499298318533 
5.69608860097125  3  1.36852181146351  11.2001  12.3132502322135 
9.41697741427937  7  2.34545590619388  11.2001  12.6563962522133 
8.02180747085336  5  2.29831682768704  11.2001  12.0519223219768 
11.7553581347495  6  6.34707602115041  11.2001  13.8442279906628 
7.17445575324963  5  1.91051122190216  11.2001  12.2803149178111 
12.3061229359895  5  6.47916515964912  11.2001  15.3407160529392 
9.86549594630238  8  2.76371550921561  11.2001  12.4408078120051 
7.49440533118308  5  2.39908055344402  11.2001  12.4707253693482 
10.6324684782651  6  3.04787841952548  11.2001  13.0686366635915 
7.44683670526358  3  2.5962653414064  11.2001  12.2100713222891 
9.95761987331598  4  3.90969806187015  11.2001  13.7452454494389 
6.18480762298486  3  1.61189382597302  11.2001  12.6371628777368 
6.75513930821217  4  1.70800902963297  11.2001  11.8863136340735 
7.36228154662066  3  1.71703560023067  11.2001  12.6378140550971 
10.1330612781259  5  2.68246464355945  11.2001  13.1601552290678 
9.14554254045666  5  2.85657885257249  11.2001  12.4770681538998 
8.83070472883214  4  3.31383888342722  11.2001  12.9373186411948 
14.1496679803477  7  6.0199293539451  11.2001  14.4948165584491 
7.12735434164603  3  1.79056759275582  11.2001  12.5913814616947 
12.7888094779669  5  6.10830042555051  11.2001  13.6470885207781 
12.4374851315495  6  7.1018273182249  11.2001  14.7974281197378 
10.9778877518575  6  4.26725104162037  11.2001  13.5409807235055 
10.3023293828487  7  3.11065388206966  11.2001  12.497300698895 
10.3258218280411  6  3.74181483910244  11.2001  12.4683812674025 
5.39536494004281  3  1.3887904078731  11.2001  11.7029308399747 
6.32719888067887  2  2.13000266424868  11.2001  12.3296716891804 
6.69898335517058  3  2.8638591084944  11.2001  11.8813804285195 
6.26675895837493  3  1.50712311425708  11.2001  12.0105957256363 
9.09100975710878  6  3.46754008549073  11.2001  12.520610769167 
8.67198913869327  5  3.20870697355854  11.2001  11.9068858090398 
14.4639272150706  8  7.17505257259474  11.2001  14.1043562003653 
5.16001947793094  3  1.40105156117375  11.2001  12.4211595192114 
8.76921738742964  2  3.80564481042129  11.2001  12.2615414779456 
4.01618458194202  2  1.03727956918694  11.2001  11.2713435070601 
6.55189072855709  4  1.51681000524759  11.2001  11.6419000827467 
7.86960631179639  2  3.19912689879412  11.2001  14.5800060068667 
11.1021269429198  6  5.86032863255085  11.2001  13.8920610855323 
13.5795775074855  9  5.59480285787416  11.2001  13.4437442799983 
12.5599751294561  7  4.24085027923933  11.2001  14.1684539650816 
6.86578072510698  3  1.75676553472752  11.2001  12.1890301616849 
8.10825468252397  3  3.63934467358252  11.2001  13.0555276448441 
8.18502808934297  4  2.43991509761415  11.2001  12.5824593677423 
5.69465252788037  4  1.32834533702702  11.2001  11.4800184221035 
10.9132207474962  7  4.36034239884968  11.2001  13.7751953019722 
8.95099742431199  5  2.02594832304262  11.2001  12.9669621319343 
7.96789919142756  6  2.84310987435589  11.2001  12.3687147272602 
6.45234628207402  3  1.73794458675469  11.2001  12.130731070212 
10.7424602882661  5  4.94955762831816  11.2001  13.7350611784641 
12.2066354261807  5  6.42560905007189  11.2001  15.0224934511969 
10.9490984343556  7  2.81116485879704  11.2001  12.5234548794378 
7.97662593657714  4  3.3401946083627  11.2001  13.5699930873779 
11.3933052334525  5  6.94187622093357  11.2001  14.5400583682653 
12.5794667395034  6  3.71332643898594  11.2001  14.2118206024226 
6.02127146558835  2  2.09375716146906  11.2001  12.3732049574675 
11.3053376663053  6  4.48469318915746  11.2001  13.7149434320975 
10.4553183041057  5  4.07874961562679  11.2001  13.5877174559619 
9.85194064965197  6  3.33727670686903  11.2001  13.2651443724206 
12.9633640092707  6  7.67165385252637  11.2001  14.6675892536346 
10.0476354427928  5  3.45758193553389  11.2001  13.3615089892738 
13.094207216417  7  5.36321748264495  11.2001  13.9061387231209 
8.2033538903041  3  2.40870665094951  11.2001  13.7045197061558 
8.06165846804448  7  2.73595521319969  11.2001  12.9130956420224 
11.2735850419123  6  5.01432605035409  11.2001  14.67046109754 
11.2592917182881  5  5.83746908045991  11.2001  13.2355159081507 
10.2764117146909  6  3.40811737162147  11.2001  13.0580407044736 
11.6148911343521  5  6.14374667972664  11.2001  15.0456777627617 
5.64106139850147  2  1.34160121976565  11.2001  10.9875355260816 
7.08586986023412  4  1.85409344939897  11.2001  11.7387410451346 
7.05646968981761  3  2.21055405924468  11.2001  12.0860493193535 
6.3651097023377  2  1.81233591858421  11.2001  12.1819966448072 
10.3469900501394  5  4.05870141552516  11.2001  12.979434352708 
9.58692634445169  5  2.5104444948356  11.2001  12.8343651815063 
6.80263142252812  3  1.55783731128057  11.2001  12.1278949902486 
6.68698219544099  4  2.14799978253902  11.2001  11.4170234915663 
4.74779418189058  3  0.837300829097687  11.2001  11.5101101714051 
12.9455401673954  7  5.0071905559274  11.2001  13.5312512991067 
10.7176004892084  5  3.63305541638519  11.2001  13.6373209322 
9.31054747697483  6  2.77699415206188  11.2001  12.8542251696935 
7.46838550365838  3  2.51010271685969  11.2001  12.690342902602 
11.3015998380173  5  4.27530349395478  11.2001  13.3724201828068 
7.24064639348619  4  1.90639113584499  11.2001  11.7215953459962 
8.08475036569977  4  2.5052952411685  11.2001  12.8483523839813 
9.90609696753517  3  3.58082383017384  11.2001  13.7413548400796 
11.8833831554711  5  4.61605384228514  11.2001  13.4971154577769 
8.77553334180004  5  2.65896616217623  11.2001  13.5301367188015 
5.39189848564243  3  1.4852247989539  11.2001  12.1227751114683 
10.8191487072528  6  4.9466053658047  11.2001  13.1913778438969 
9.50936672606111  6  3.2167163192021  11.2001  13.0372514845789 
8.35044733560101  4  2.83011269962181  11.2001  12.2080070588589 
5.92642224208783  2  2.10294641543545  11.2001  11.8489159486745 
7.1164088598274  3  1.97110607211854  11.2001  11.9951889833132 
11.5212021384725  6  5.5397075865845  11.2001  13.4237404568781 
9.2662640376813  6  3.64175210623933  11.2001  13.5101827685864 
8.44669848016721  5  2.99793282403077  11.2001  12.4524440355003 
16.9478574082785  7  11.9381038671489  11.2001  16.2473487490288 
9.74846340427803  5  5.27102831630824  11.2001  13.190221640861 
9.03170585546426  6  2.8325999171398  11.2001  12.1398933851406 
6.64101606388276  4  2.36005970694243  11.2001  12.8887792423589 
4.03987093632426  1  0.950786986031657  11.2001  11.2447972304254 
7.28338883923828  5  1.6021819054907  11.2001  11.7941112012936 
7.96578579699741  4  2.77642996927209  11.2001  12.3109687295909 
7.07051058937939  3  1.7197349547114  11.2001  12.0001557896369 
6.36932949989576  4  1.75444468454493  11.2001  12.1005491690558 
5.99010913505608  3  1.53152645556679  11.2001  11.3463345577021 
6.05286635169812  3  1.66299005755832  11.2001  12.0459043983088 
9.43364645492515  5  3.48392581040158  11.2001  12.2392505451106 
8.13093035436156  4  2.92920242338237  11.2001  12.6305491852156 
8.97169908168402  4  3.54857928083905  11.2001  11.7792732359315 
9.14233128168249  5  4.85538500981338  11.2001  12.3130653833614 
9.26307193208818  7  2.71764861558989  11.2001  12.3833233745961 
7.41387420265094  4  2.17541869605001  11.2001  11.8560422958913 
11.1642124888465  7  4.19637528259355  11.2001  13.3914026351191 
14.1406723697519  7  5.76664603732063  11.2001  14.8705989994374 
10.213253669504  5  4.32402433800822  11.2001  13.7854636582247 
5.33347859725696  3  1.47711042914245  11.2001  11.9063250985049 
5.62311134510444  2  1.4815053574906  11.2001  11.8793431533835 
9.4488961519831  4  3.64001386541248  11.2001  12.8103149092806 
6.07154080748574  4  1.49036312672155  11.2001  12.1260104178562 
7.63155863012259  3  2.72508734857541  11.2001  12.4664916748586 
9.30964893095928  6  2.64549907320266  11.2001  12.6744346382617 
8.68395701644232  3  4.17075013365355  11.2001  12.7576125924347 
8.21635687579012  3  3.19360563768384  11.2001  12.5426005695491 
11.919407895294  6  5.59008062065809  11.2001  13.7382584414586 
10.2379124474437  5  3.2754383141553  11.2001  13.4035650744772 
6.99978459028988  2  2.17999373565759  11.2001  12.9136452241112 
12.2953701072686  8  5.21384705683728  11.2001  13.3124950126477 
5.89667313297014  3  1.37664277154334  11.2001  12.1934785353196 
5.59561943812197  2  1.43863423236396  11.2001  11.7999022362887 
12.0060783033726  5  6.41724810302067  11.2001  15.7784891767683 
4.67896148985625  1  1.34084416300715  11.2001  12.8200507452207 
5.54955576125614  1  1.58893048065979  11.2001  11.7253841585445 
5.39502567262847  3  1.31377162262548  11.2001  11.4922640244729 
4.09815756246035  3  1.08831750823107  11.2001  11.1289576047534 
7.97220389115899  5  2.65598712703977  11.2001  11.8377557618774 
12.1203132452186  7  4.1588029793988  11.2001  13.8942058079229 
6.77832199825405  3  2.26875816024747  11.2001  12.4627464853461 
7.12407686444705  4  2.32890923001011  11.2001  11.9879650633561 
7.8386337499239  4  1.98814746985577  11.2001  12.3970213310143 
8.79363235817894  7  2.46870472649655  11.2001  12.4230717675636 
7.36856685874985  3  2.18607687080062  11.2001  12.4591450199827 
6.74370707269948  3  1.92419469317634  11.2001  12.0786244839609 
9.47320096778269  5  3.09795859166184  11.2001  12.4154709488816 
10.1734829308944  6  4.33706692135145  11.2001  13.1700333222787 
13.2756735330212  9  4.56213321035702  11.2001  14.1956368328832 
10.0898878162617  5  4.2145787719353  11.2001  13.6004832500608 
6.30762143246351  4  1.57692428212469  11.2001  11.5507791980838 
14.0939123476976  7  5.64510424098652  11.2001  14.8557453882729 
7.66212887384386  3  2.48726143060613  11.2001  12.7286654859863 
8.94210096409134  4  2.67730059752019  11.2001  12.6493973903486 
7.46455034365014  4  3.08561590349537  11.2001  13.0803958166176 
10.2120188119855  5  3.82736132136119  11.2001  13.7692137305462 
9.73777250379817  4  5.46357190292849  11.2001  13.4553272538881 
6.69378004390415  3  2.90992988885405  11.2001  12.1894274875053 
6.06443203736706  2  1.65913148998127  11.2001  12.5210819944273 
8.4148170004973  4  2.44171710979805  11.2001  13.1132336091992 
7.5365865293178  5  2.47042327383986  11.2001  11.88982115099 
7.06235268594675  2  2.73547144432691  11.2001  12.1754257094696 
6.03775862093042  3  1.48113373662192  11.2001  12.2388016629769 
10.1672448982774  6  2.58017024949929  11.2001  12.5430229123499 
9.11137904667434  5  3.47790563019852  11.2001  12.4943916629392 
8.07048545140536  4  3.11950158353059  11.2001  12.1263967119598 
11.4251018994846  7  2.90721234695551  11.2001  12.4688433244772 
5.71287207602006  2  1.77670488639255  11.2001  11.8789061491718 
9.14421815229494  3  3.74833985785687  11.2001  12.9172383687621 
9.21027671827782  5  3.61981301352162  11.2001  14.3747039225745 
10.9834467329558  6  4.14344681316291  11.2001  14.115532410548 
5.18285025124482  2  1.68863562796986  11.2001  11.5263398468349 
7.00833709685377  3  1.9249348578703  11.2001  12.3872143470649 
8.29847343127835  5  2.56982163570458  11.2001  12.0552783764897 
4.83363020937451  1  1.21610394293562  11.2001  11.5945041305889 
7.15917540686646  3  1.83845229362201  11.2001  12.1764061940112 
12.1965261700537  7  4.59413554363358  11.2001  12.6189568948282 
5.72626103621675  3  1.69114422360078  11.2001  11.8853410389867 
7.97378858765373  4  2.24207051576493  11.2001  11.8601738698087 
6.97627706423296  4  2.38080295778441  11.2001  12.6181000587521 
6.76405657141338  4  2.2842232021494  11.2001  11.6790706939444 
8.09354539881988  5  3.00899838924065  11.2001  12.3819987251621 
9.00012019680963  5  3.23864602142333  11.2001  12.0487959354864 
9.63718697306768  5  3.85010529413253  11.2001  12.6160867079665 
3.71266337472269  1  0.909166685921622  11.2001  11.2528432969092 
12.3864006959215  6  4.61804345056955  11.2001  14.3372824501246 
4.51005710206094  2  1.00451045749296  11.2001  11.7102802767502 
9.92387063495651  6  3.56160662613839  11.2001  13.335742218777 
8.66279890282786  6  3.35713435028566  11.2001  12.7402109634134 
7.88349685601639  2  2.51545002405677  11.2001  13.0749233291947 
7.78104484150049  4  2.30796397282487  11.2001  11.9822624278778 
12.2458535830388  4  5.23871639175214  11.2001  13.9379860475454 
6.27637879428971  2  1.61538187543063  11.2001  11.8604191793376 
5.69598721661344  3  1.25456411859245  11.2001  11.2702075884582 
7.19340799220634  4  2.25853850268281  11.2001  11.8727088608238 
8.97707862902172  4  3.55871855610454  11.2001  12.7254629054956 
7.4697573317146  4  2.37657966368427  11.2001  12.5143575815408 
9.2762355580769  7  2.60359764617685  11.2001  13.0550586412324 
3.3033945168125  1  0.588283796397084  11.2001  10.1314837063893 
13.1634481763507  6  6.81766204594649  11.2001  14.5910518056093 
4.51145635617758  0  1.25545294714701  11.2001  12.3336393940378 
4.88447381494746  2  1.38494518869894  11.2001  12.0314660218231 
10.8573624408729  6  5.22090632270079  11.2001  13.6172611811117 
12.0697501529932  8  4.57834741124272  11.2001  12.8782503542262 
12.2941253095963  6  6.60598097834119  11.2001  14.0263728171178 
10.7137396407345  6  4.15342587121256  11.2001  12.6290462554562 
7.19819001744697  5  1.49137823852243  11.2001  11.6281245553953 
13.0383869690872  6  6.16096218490582  11.2001  13.7655058664163 
5.16106111146063  1  1.37411352955691  11.2001  11.1156467887996 
10.3840120807222  7  4.09722590338715  11.2001  13.0118714270482 
9.82629714424898  4  4.99296261605676  11.2001  14.0717324397723 
4.72250015511285  0  2.13583952771915  11.2001  12.2887108621307 
8.82528143587983  5  2.35660179680011  11.2001  12.9478734552637 
7.73470946051832  5  2.07229964698277  11.2001  11.9670665362702 
11.7777523002448  8  5.10136841528851  11.2001  13.0540427182501 
6.61362043416458  4  1.60578113367708  11.2001  11.4530702245434 
11.0140081813773  7  3.90095053506709  11.2001  13.113964936993 
7.91105815757795  4  3.1752816154563  11.2001  12.406622068736 
7.83498521743078  4  2.20354762814989  11.2001  12.6887834941929 
10.2778240646831  6  2.91410360233863  11.2001  12.7168593509811 
10.7597552982883  6  3.56830288725043  11.2001  13.2420709320961 
7.35019608138907  3  2.71136280254512  11.2001  11.9771279448108 
6.3769166931969  4  2.58985417925245  11.2001  11.1100990566578 
8.67969782016532  5  2.8708144443909  11.2001  12.4993223124456 
6.97391392999394  4  2.74537038313867  11.2001  11.6387638938744 
9.83585191437263  6  4.46640999650572  11.2001  13.0701553351324 
7.59903118366002  5  2.06174063591701  11.2001  12.6682958792476 
13.1319147599523  7  5.52020254430077  11.2001  13.6065198941597 
5.83686341690691  2  1.37950705861593  11.2001  11.3356716684814 
9.32568878796983  6  3.62475924279744  11.2001  12.4299043320853 
6.09479138325255  3  1.43786222968192  11.2001  11.5017285406281 
9.02977707587892  5  4.05732504434122  11.2001  12.4893078116807 
4.29437501268236  2  0.932496467681303  11.2001  11.1766966140292 
8.17413580214073  5  2.207137218175  11.2001  12.2212818273406 
7.25802446934652  4  2.48573331184489  11.2001  12.0788413949863 
9.99656121655396  5  3.57491033132861  11.2001  12.5983073124501 
10.0650345569476  5  4.09105001361013  11.2001  12.1962419001983 
9.71065267891142  6  2.8495108117118  11.2001  12.5890252591551 
9.31030281796658  5  3.7594922965102  11.2001  12.0915466580786 
7.21065641751491  3  1.7914629754965  11.2001  11.0099057776724 
13.7856451910438  6  8.99709052266005  11.2001  15.197164135682 
5.61018404328023  2  1.43722882436798  11.2001  10.8935080400789 
13.3593746228625  6  6.28085167745561  11.2001  13.3156504868825 
7.70126818907112  4  3.03127803651757  11.2001  12.7192873633198 
8.1452068133774  4  2.41784452427779  11.2001  12.4612114780758 
6.97003290008895  3  2.11576685615412  11.2001  11.8680199833634 
5.89966524634968  3  1.27864975085752  11.2001  11.6205177726952 
11.2421148421515  8  4.05781311831869  11.2001  13.5311118786204 
8.53577862601654  4  2.18058021235572  11.2001  12.2018371773337 
8.6300136915582  4  3.40685819701672  11.2001  12.9849241995362 
6.40703653021282  4  1.88958158539813  11.2001  12.0339266007035 
5.3749275011438  2  1.83789383705787  11.2001  11.8282633655136 
5.9139888191956  3  1.62586668798316  11.2001  11.4857070328509 
5.19097252248987  1  1.44769778317348  11.2001  11.0897584780162 
10.1759743077815  5  5.41904496480333  11.2001  14.386995677412 
7.00432494058875  3  1.85144913669891  11.2001  11.6667774831772 
11.1269418620523  5  4.74656166340293  11.2001  13.9399369398335 
12.2451198232075  7  5.18140356262777  11.2001  13.9947516208624 
7.09632070586968  4  1.87563519615176  11.2001  11.6451852210956 
6.74795156047098  3  1.75457106292205  11.2001  12.3218563280308 
9.25301419688033  4  4.72477166431108  11.2001  13.4386347928088 
8.38316432524803  5  2.23224202019969  11.2001  12.9868399242347 
13.8992244650047  8  5.19122731910452  11.2001  14.0698111345626 
5.71837645339085  2  1.64551589491938  11.2001  11.6200432714917 
9.52406033639245  5  3.13425242622131  11.2001  12.616460510222 
6.96077465292315  4  2.27873970299896  11.2001  12.277655572388 
4.61985569941031  2  1.2447627245486  11.2001  10.8573767496828 
8.32059393732726  5  3.17375768798659  11.2001  12.3359438510903 
8.2609937224768  4  4.52374589735703  11.2001  12.2795823069782 
7.60899244408031  5  2.36001159900449  11.2001  12.4607351456598 
7.9659969281081  4  2.85677006523095  11.2001  12.5508264941909 
9.38623161055811  7  2.49891967996935  11.2001  12.6796978466217 
10.6221116900708  4  5.22836633367019  11.2001  14.2182769888805 
7.26017829967974  3  2.53777379037262  11.2001  11.883816991135 
13.2585604212443  8  4.28404816887829  11.2001  13.4227236357548 
9.87722586423009  2  3.84188872571628  11.2001  13.4390181400487 
9.2401990445325  5  3.40473875656034  11.2001  13.4831854282139 
7.82111127797879  3  2.29480133299198  11.2001  12.5810418224197 
10.2714743264515  3  4.40881415100454  11.2001  14.62943085821 
5.62071893555427  2  2.23812539380823  11.2001  12.4553470417218 
7.86099617881365  4  3.17375743664967  11.2001  12.7986151436178 
9.74370538245866  6  3.98782148147605  11.2001  12.3897433491097 
6.56347766168253  4  1.7051807652614  11.2001  11.6532324030075 
13.1163001947492  8  5.41886094095293  11.2001  13.5339252266508 
7.52964340979296  5  2.06634543422503  11.2001  11.8896443529294 
9.92781014663858  5  3.95138192403296  11.2001  13.1300049413758 
9.80052247203795  7  2.77056341362704  11.2001  12.82153228152 
7.07776734830743  2  2.23368561088695  11.2001  14.2455075425282 
7.10717271882056  4  1.75741580450339  11.2001  12.4982414679387 
3.03243590225254  0  0.628034260563763  11.2001  12.0295747975247 
12.2590508297925  7  6.41795003913531  11.2001  14.1134112970884 
7.4930375103437  3  2.01828844330055  11.2001  12.8331097061665 
8.00904100346168  6  1.97226594552915  11.2001  11.6157239813219 
8.02402599561437  4  2.85171976726706  11.2001  12.061192884194 
5.65590572133684  2  1.75763208883167  11.2001  11.6867337680026 
11.7573776505115  6  4.553375600573  11.2001  13.8075136054924 
9.85187102516624  6  4.42218752069214  11.2001  13.0619817986152 
11.0136672294443  7  3.33265581429928  11.2001  13.1386119844892 
7.52856677330524  3  2.05712671101785  11.2001  11.8935337692092 
5.93520000518219  2  1.45586782341852  11.2001  11.9398875774643 
6.88863040091844  3  1.96229342800336  11.2001  11.8916603356725 
6.88052685878935  5  2.23262809754543  11.2001  11.7530483315111 
13.4456303910097  6  5.37502899148288  11.2001  13.7355074970843 
11.151019049876  6  4.43213065218952  11.2001  13.9479931086647 
8.33229096702473  4  2.9003406405674  11.2001  12.3016135278983 
10.390227459073  6  2.77136430718883  11.2001  13.2108849230374 
9.47134597305916  6  2.88817825655907  11.2001  12.977842563775 
6.01149985711297  2  1.43899615255193  11.2001  12.2385344320581 
5.86063331723831  1  1.53466044829025  11.2001  11.4590333491179 
10.2412909734647  7  3.02782814772264  11.2001  12.9668414988265 
6.41190803941825  1  2.16456921666287  11.2001  11.6991379645708 
12.2165527577631  6  6.32035048848826  11.2001  13.5959302434534 
10.057065515035  4  4.8425821530435  11.2001  14.0822396984884 
8.2474430070373  5  2.85808697618322  11.2001  12.295852404958 
11.7297779962993  7  4.49038457030232  11.2001  13.7567351630898 
12.3867960462027  5  7.92716088113766  11.2001  15.068950360325 
6.16023053076818  3  1.64534730576604  11.2001  11.3304932674404 
7.11249163085446  3  2.02137511150343  11.2001  12.0229215358603 
9.20210578632821  5  2.43066039647392  11.2001  12.844787509817 
9.31593724466272  6  3.68424690742884  11.2001  12.4271526344344 
11.8080447930732  6  3.53433385894482  11.2001  13.808872705261 
10.5371958149105  6  3.92851407339342  11.2001  13.6642873239669 
8.23655389742038  5  2.3285420771687  11.2001  12.0729677168448 
12.2334564658621  4  4.87421843123754  11.2001  15.464450736437 
9.08009163793136  4  3.18219590612238  11.2001  12.8517614269299 
12.9570797346431  7  4.19407349969303  11.2001  14.7986886902018 
7.044250763261  3  2.15048361782369  11.2001  12.1353971650055 
10.9236537062012  7  4.31729930085668  11.2001  13.1071463404461 
4.92030545573103  3  1.32167232170584  11.2001  11.5050234034504 
12.4642112531978  7  3.20033737294291  11.2001  13.5040170341933 
11.1543121155577  7  2.60473520171555  11.2001  13.5516782586363 
9.666088007324  4  4.90642395040678  11.2001  14.4767880897533 
12.996860256292  6  5.96442921767162  11.2001  14.6741313318157 
6.97815717164832  4  1.85803771507254  11.2001  12.5797797250004 
7.32325897605035  5  2.11589906253636  11.2001  11.1317072151299 
13.2492326042371  8  5.49757694098458  11.2001  14.2104569613879 
9.48423053275083  6  3.11423990006875  11.2001  10.8241223063038 
6.53395793576452  2  2.03831589805708  11.2001  12.8141114225197 
4.97671083144019  2  1.27711683536953  11.2001  11.4210755985182 
7.62459759533011  4  2.71828880808012  11.2001  12.5442750742369 
8.58028136476088  5  3.36432362377076  11.2001  12.871357040622 
11.4591151754226  6  6.1046771892644  11.2001  13.829429520249 
9.7637872031611  6  4.48696903641381  11.2001  13.048104769949 
8.48990318779561  5  2.56025350693484  11.2001  12.3278296900172 
7.76462609089787  3  2.77163328677161  11.2001  12.5534072126758 
6.44947308253001  4  1.93692318915944  11.2001  11.6949251506006 
5.71575756754596  3  1.14799977828303  11.2001  11.3330864022872 
7.86031228751309  5  1.98395388420624  11.2001  13.0443898759739 
4.95724218646089  2  1.23908327181126  11.2001  11.8177329613944 
13.0909273685103  7  5.25135182957278  11.2001  13.7858094929346 
10.5576740110516  6  4.0131075512719  11.2001  12.9821760173432 
4.25501989331084  1  0.848765843811071  11.2001  11.3490266676707 
6.39485812133362  2  2.16008979077113  11.2001  12.6343423028754 
9.59249983070203  6  3.25842817387137  11.2001  12.2941241646793 
5.93919235564162  3  1.62966822142554  11.2001  11.7449781829231 
11.4197660240495  6  4.12541447344693  11.2001  14.1017407593511 
7.97238047216679  5  2.79125630365027  11.2001  12.7239973734379 
6.82895088850012  2  2.05261095276112  11.2001  12.0764057952166 
7.57565590307169  5  2.08981620650467  11.2001  11.9147629353305 
11.6645332522914  8  4.54341788634024  11.2001  13.7654616820213 
7.53423360500384  4  2.35185134128872  11.2001  12.155135791814 
7.05553776018389  4  2.13783494472418  11.2001  12.5161254269101 
7.45009769952466  2  2.31233964684507  11.2001  12.6974319563887 
9.16246667400346  4  2.53528287379978  11.2001  14.2927298102912 
10.7049960025805  6  3.02430453508007  11.2001  12.9515280401632 
8.17590407412264  4  3.74672018358671  11.2001  12.3781829817157 
11.5905674429571  5  7.76420580366822  11.2001  14.1763666277103 
8.30934409677744  5  2.73865217881128  11.2001  12.9475049944484 
9.14301675074316  5  3.42815626089541  11.2001  13.3204351256683 
5.41953465683815  2  1.70613296837941  11.2001  11.8282492082093 
9.65371969523013  5  3.52027327752035  11.2001  12.4131533923358 
8.37363223482063  4  2.53430284376989  11.2001  12.627370228993 
6.52274734774062  2  1.63183489093581  11.2001  12.575453060802 
14.7964016993643  7  7.33039144334106  11.2001  14.8294824225652 
5.63556989221051  4  1.19287847062122  11.2001  11.4860160573126 
4.9942302200368  2  1.19021682231926  11.2001  11.1220755203485 
11.3731781265377  6  3.43267216709758  11.2001  13.7076155265782 
11.5737498258976  5  4.56406824107581  11.2001  13.6851412498398 
8.43626479652287  5  2.71379839887609  11.2001  12.7091563613851 
7.97290465164312  6  2.85369427910507  11.2001  12.2561303801552 
8.08748413137328  4  2.54009021102429  11.2001  12.2411680927228 
12.3706937079367  6  4.91953725380391  11.2001  13.7599376460393 
13.2004373056325  8  5.05651126120824  11.2001  13.3007025677762 
11.2433006818994  5  3.47668076024311  11.2001  13.4460752128666 
15.5826252767765  6  7.89222437223314  11.2001  15.0307339134115 
16.00521307537  7  6.31410935674966  11.2001  15.6733148635299 
14.4137705454869  7  9.03803280879019  11.2001  15.7346992253194 
10.6162593646227  5  3.40138586155343  11.2001  12.9649954206988 
8.60187928352852  4  2.95339013713129  11.2001  12.6109570613736 
5.60887566309432  1  1.90906924047805  11.2001  11.8174810161799 
10.3052314984602  5  4.4135870079677  11.2001  13.3225447026557 
7.01280580085159  3  2.08965067510195  11.2001  12.3756075215753 
6.30777187781713  4  1.69405588113616  11.2001  11.9926829619506 
7.966647055449  3  3.08075041676339  11.2001  12.8622862161214 
13.9694807834838  7  6.41550684133406  11.2001  14.5081516354501 
5.64508693584738  2  1.17565921880651  11.2001  11.5133763697476 
10.1567202359008  8  3.22337602620497  11.2001  13.0642482664339 
10.2755458925595  6  4.16175858969406  11.2001  12.9534911623579 
7.15829093134495  4  1.94204568489267  11.2001  12.3566598802144 
8.07048863682515  3  2.54993005270481  11.2001  12.1777078756915 
7.33155758107729  2  2.67741804444532  11.2001  12.9018364035461 
16.2207120857341  6  10.4133103968442  11.2001  16.0643814528435 
15.2309023149838  7  8.63575962584428  11.2001  15.0914739824911 
10.8135494893624  5  7.01019913311394  11.2001  14.5614612173281 
4.28432666749067  1  1.2081442405054  11.2001  10.7909967753579 
12.7607424660128  8  5.97104567492304  11.2001  14.030636189568 
8.50776662374368  4  4.0805370933096  11.2001  12.4992137854498 
8.39137787558992  4  2.91999555859475  11.2001  13.3542909476864 
8.99829048876379  5  3.05588855519752  11.2001  11.7928906375391 
4.71094042052171  2  1.18460934684243  11.2001  11.0110020083311 
7.06745499101682  4  2.67135711136291  11.2001  12.3275151825862 
11.0264647504638  7  3.56497121397458  11.2001  13.068075932245 
7.6979777270311  5  2.06616300343126  11.2001  12.1281861237192 
9.344169995108  5  3.35972998660741  11.2001  13.0436096535898 
4.87637319778468  0  1.1539616785855  11.2001  11.8074342885236 
7.69358568479362  3  2.38955759965359  11.2001  12.5171108151553 
15.2116807742952  10  3.82186571280219  11.2001  13.9055632351392 
10.3243295506249  4  3.95396330845494  11.2001  13.7170515249064 
4.40486676518572  2  0.789861278947748  11.2001  11.2108040850479 
5.75427783624029  2  1.22865843202496  11.2001  11.7871510937419 
9.64579638870028  3  4.91716658725185  11.2001  13.2097995870931 
8.11684355008869  4  2.58974069578994  11.2001  12.2854408590656 
10.9044478286675  7  3.1215724923309  11.2001  13.0016522255287 
7.6905063220668  4  2.18443615530878  11.2001  12.4179566600895 
5.68173085484668  2  1.43614543768393  11.2001  12.2717383267772 
10.0053901326627  6  3.79879060093967  11.2001  13.5516358706658 
8.5350303641823  5  3.4016630465019  11.2001  12.6747637196813 
7.07472093782916  2  3.19370738733499  11.2001  13.4750650233136 
9.1766123248748  6  2.64614913072738  11.2001  12.6887153415217 
9.46997137045368  6  3.22306377649648  11.2001  12.5231889955837 
13.6091266787413  8  4.29375451483333  11.2001  13.6491174814293 
13.3211263778742  8  5.93948130855648  11.2001  14.0888859819726 
5.54676031092467  4  1.43346542910948  11.2001  11.0013838477498 
7.73912080845402  4  2.75531434895877  11.2001  12.7400022705721 
8.53418775781126  3  3.88045256563004  11.2001  12.6021027487816 
9.62444858651943  4  4.47805960279496  11.2001  13.2891297422812 
8.72498513595793  3  2.8414861012569  11.2001  14.0972526511073 
13.0793487574671  7  5.1039572895758  11.2001  13.9715503482706 
14.3493041499913  7  5.90278757487554  11.2001  14.6487997055444 
10.2824385124003  6  4.39953485957515  11.2001  12.5247260880179 
7.74292743231342  5  2.26735699159061  11.2001  11.9442742382028 
10.3256087522722  6  3.29486711798856  11.2001  12.9882710062861 
11.6993643828095  4  5.82347568346965  11.2001  15.2795534280426 
11.6746583087275  8  2.89678545186479  11.2001  12.47773575317 
4.79764580099131  3  1.05820375365288  11.2001  11.9752494142098 
5.42349561159864  4  1.16516112572276  11.2001  11.5956806933104 
11.0369507411671  6  4.88814870554441  11.2001  13.4683256289208 
10.2207997780943  5  3.69808492793933  11.2001  13.6732553670676 
9.62184304572806  5  3.93171010845658  11.2001  13.004620618581 
6.22920297143516  3  1.89184720461782  11.2001  12.1667374962344 
8.74925384063479  5  2.78592281715721  11.2001  13.3367842902943 
8.95071321564846  6  4.14518193311045  11.2001  12.8207989878837 
9.93078677803449  6  4.29884365499931  11.2001  13.0183527795259 
8.89724742045164  4  2.45575896492034  11.2001  12.8979663865888 
7.80410756217476  5  2.36487577749864  11.2001  11.9095408158208 
6.4514749307569  3  2.18037877587789  11.2001  12.3134387266055 
11.0796864112529  7  6.12180309655927  11.2001  13.3776125361086 
6.24315702744537  3  1.6458632391047  11.2001  11.3425960211452 
12.673998079957  5  5.96222175627932  11.2001  14.6917358418605 
7.12228013313425  4  2.4151683561123  11.2001  11.4601438178818 
8.31438898476441  5  2.33474041770441  11.2001  12.7956131778657 
8.11305327363311  5  1.98141415384908  11.2001  11.9938404945929 
6.34991475905124  3  1.96446603792207  11.2001  12.1016610342097 
11.0535292407982  5  5.27816759196712  11.2001  13.2410813045412 
6.73109526126475  4  1.64325255406777  11.2001  11.775462981055 
11.3408115067421  6  4.31511593975843  11.2001  13.1059525690767 
7.22053676183565  2  2.55213369334672  11.2001  12.7665467912299 
9.55203739387018  6  4.18467188431538  11.2001  13.2792345835281 
10.5179905204869  6  3.44776069514406  11.2001  13.2393406260015 
8.34192292638316  3  3.14080812327663  11.2001  13.5821375390535 
6.48591913654115  3  2.15134436518103  11.2001  11.2146882880645 
13.3930401935755  5  4.8748306943267  11.2001  15.3469241470077 
10.2468432350968  4  3.77620686038772  11.2001  13.3141029944878 
8.93666827124771  4  3.30397745472295  11.2001  13.5832320105611 
9.68143857026861  4  4.56705819443513  11.2001  13.7885024195827 
10.8308723942539  7  4.48727118779458  11.2001  12.3249806916278 
9.44023304173207  4  5.13474875510721  11.2001  13.6118530544928 
13.1416596065115  6  5.40855714569306  11.2001  14.7223118008684 
4.24578845278541  3  0.809016278109792  11.2001  11.3968449513648 
11.0942731735987  7  3.25974273014669  11.2001  12.8937503558918 
9.5200583178287  4  3.25559467214215  11.2001  12.7426157317626 
13.7505974924625  7  6.58704451091811  11.2001  15.0444791381277 
8.92940161943558  7  2.51121195606721  11.2001  12.2364871753542 
10.4737038176664  5  3.13951104322593  11.2001  14.3661463912398 
7.29596857196201  2  2.88031519598854  11.2001  12.5031964919099 
11.3265283708374  8  4.57571143466643  11.2001  13.1114921453147 
11.2347566524084  7  4.06983429742507  11.2001  12.5863596241946 
8.02152374489657  2  3.07482097028852  11.2001  13.6851936777336 
4.38265843275869  0  1.14979032338867  11.2001  11.5392747710335 
6.47831287872419  4  1.53098002991389  11.2001  11.8083334398302 
7.68098593202459  2  2.66400494932907  11.2001  12.8835219112643 
7.97564764306066  5  2.33267292203805  11.2001  11.9413160064744 
6.55178985527929  6  1.81138149343963  11.2001  11.9390605730145 
9.59788993615945  7  3.39968084523735  11.2001  13.4467073207516 
9.08443839407579  5  2.67353251287537  11.2001  12.2326684804036 
10.1320519829335  3  3.82591416375078  11.2001  12.8525222569024 
10.9567499599957  6  4.01038166553762  11.2001  12.6882173958566 
9.15785293681906  4  2.68556316932401  11.2001  12.8704233435 
12.2635224561808  7  6.17993382532011  11.2001  13.4970334604588 
6.93521893862763  3  2.10457823081078  11.2001  12.6286088202088 
8.45751989249738  5  2.46416583165777  11.2001  12.3226266399954 
7.98257157132371  3  3.0375206579458  11.2001  13.8734227874978 
4.88430095412239  3  1.42886766796539  11.2001  11.3592093564165 
9.3509141616248  4  3.80132497887899  11.2001  12.8436210913236 
8.82853441102279  5  2.46267925819889  11.2001  11.6768412860867 
7.86654783273021  5  1.48459257975865  11.2001  13.4940819154907 
9.36501575897744  4  2.98091023635591  11.2001  13.1937306773542 
7.42106594948882  4  2.20210362682698  11.2001  11.9195975417192 
7.81189528319689  4  2.21033065816127  11.2001  12.1888509996559 
9.82082403345002  6  3.89877304119868  11.2001  13.3080855075163 
6.22841013913046  4  2.00360384278437  11.2001  12.5736358070079 
12.4959282663716  7  3.654432254176  11.2001  14.1689640087083 
11.7128178464126  7  5.24721491714997  11.2001  13.4774409049776 
6.53475626608549  4  1.71540708980656  11.2001  12.2798371548841 
16.3855434164691  8  7.88303194035509  11.2001  15.3498506055879 
12.091882886471  5  5.4583503774941  11.2001  14.1077939280786 
7.85454516667833  4  3.44375901022523  11.2001  12.5952664082543 
6.38316444648255  3  1.31071118062994  11.2001  12.0633977266637 
10.1931092016665  6  2.69493573232263  11.2001  12.4879531625303 
10.3405827431512  7  4.1126845186698  11.2001  13.6603690803909 
10.1751693522596  6  4.26214016371917  11.2001  12.8126957903463 
7.03514421119938  5  2.6102166374798  11.2001  11.5222555983069 
14.2558965800871  6  7.33412036751601  11.2001  15.647111664904 
7.66965378637513  3  3.26119678575178  11.2001  12.3384270803493 
9.72486430901498  5  3.55145358791712  11.2001  12.9586189293734 
6.77170959871396  3  1.98778752806378  11.2001  11.645914768785 
7.56357739103042  4  2.38979931386577  11.2001  12.1641249492693 
8.53079386026071  5  3.0301749095774  11.2001  12.3567029167107 
10.9080916462739  6  3.39908767297864  11.2001  13.9965827674077 
12.4766928132599  7  3.9631499251562  11.2001  13.7717336244758 
5.93100863249381  3  2.31846442235294  11.2001  12.1668011025938 
5.88265921955564  4  1.5111349333703  11.2001  10.9375851144051 
8.50257620231668  6  2.32032447998  11.2001  12.0242503166504 
14.255440550046  6  7.299073840415  11.2001  15.2047313855036 
5.3213310338784  2  1.71539422418129  11.2001  11.644899411995 
9.5941151602211  5  3.29588894211309  11.2001  13.5960691848712 
11.4007901106381  6  3.83119051716564  11.2001  13.7224126216989 
8.06313900220699  4  3.1798038402821  11.2001  12.4847613513219 
6.74274776561583  4  1.92583311784889  11.2001  10.9871217999199 
5.51951574494505  2  1.53851057788514  11.2001  12.237816668856 
8.66692579026566  4  2.82719601484584  11.2001  12.3296371721881 
4.86367915831524  1  1.24533127981954  11.2001  11.9188901830038 
9.08272312062519  5  2.54016524524168  11.2001  12.9286461877855 
8.09507227998235  5  2.89986631220099  11.2001  13.7701088649831 
8.79083017228729  4  2.4046836547669  11.2001  11.9279495710841 
9.96969040440247  6  2.80406178847288  11.2001  12.7898338153377 
5.6622811178555  3  1.80635323070024  11.2001  11.1133767174077 
12.9330979225546  6  6.52478862044788  11.2001  14.6686491377634 
9.54253539462927  4  4.39709386044116  11.2001  13.3506940586764 
8.13899644246205  3  3.04431562780227  11.2001  13.350080356016 
11.1953144183012  4  5.34092827660888  11.2001  13.7476197968426 
12.3483768503002  8  3.75688377786337  11.2001  12.7019203475274 
8.65239194576537  5  2.64520120807693  11.2001  12.4353758198042 
12.7181474177853  6  6.07758646283234  11.2001  14.123859333355 
11.4755916022082  7  4.31942382940289  11.2001  13.3245452817011 
5.57728919136532  3  1.16476037872942  11.2001  11.6800714148107 
6.73724782457873  4  1.93388165083256  11.2001  12.0357352855816 
9.26459768660329  7  2.65493043742251  11.2001  11.86455965296 
5.39358176741826  3  1.43016371879157  11.2001  12.5705193804251 
8.68775466399553  5  3.05420788891109  11.2001  12.7768629294591 
10.6691317623077  6  5.26493669707161  11.2001  14.7667146858406 
7.29017494832824  4  2.33797319819542  11.2001  12.3608405147205 
8.85355880404207  5  3.68382460235656  11.2001  12.38938356663 
7.4198236281188  3  2.95512752900742  11.2001  12.4204993309371 
5.91822524758489  3  1.78944990971039  11.2001  12.0354688627813 
10.3717197331667  6  4.76208738101373  11.2001  13.5184645946448 
9.8735623535681  3  4.90735060100244  11.2001  14.7053851380865 
4.25247741837118  2  1.05887395645856  11.2001  11.4486929854493 
8.92597572480733  4  2.85312963198699  11.2001  12.6250089618047 
8.58352955584187  4  4.32686825031784  11.2001  12.7950281031784 
9.4666705691541  5  3.4178778892861  11.2001  13.0851150108819 
7.11290470846382  2  2.71714868469197  11.2001  12.8568918558222 
8.79931663169048  4  3.62494467930034  11.2001  12.7711298628016 
7.55078350048155  2  1.91427347239837  11.2001  12.5088946789325 
6.54601862874227  2  2.5836767491063  11.2001  12.2145372317867 
7.07610256362323  2  2.00465626168556  11.2001  12.1731121847512 
7.53850902804658  5  2.61897757776225  11.2001  12.6623216982438 
11.1111699705802  5  3.90874990976459  11.2001  13.2658769290181 
8.64541762986048  4  3.29231883622845  11.2001  12.7348986525234 
7.22729137629747  5  1.94720555370205  11.2001  12.1311413886196 
8.68915599855094  4  3.43427786395474  11.2001  13.6492373435335 
11.1876356861673  5  4.59934291877314  11.2001  14.1173266001477 
6.94062345631787  4  1.97117975932081  11.2001  12.2970111975699 
7.88511048556554  4  2.32525066533061  11.2001  12.0813523662451 
8.85965217677209  2  2.99287427536383  11.2001  13.0390197699751 
4.57752643463877  3  1.30629418318573  11.2001  10.5248216381411 
9.42434876055538  7  3.12638186561932  11.2001  12.3758530142477 
11.2884360573325  6  4.60921287369792  11.2001  13.300995330762 
13.9078816629164  6  9.20274900148067  11.2001  16.3850368360699 
7.05120706864167  4  2.23444864749079  11.2001  12.3490785339699 
10.6885413462442  7  3.63539389512738  11.2001  13.2904974205216 
4.1102379191265  2  0.806069499779634  11.2001  11.3148319824099 
8.51628423773527  4  3.05167928507478  11.2001  13.2988472256164 
9.1915062125873  5  2.84007228449114  11.2001  11.8212165807187 
4.96539953425947  3  1.04550392703388  11.2001  11.1877002987691 
5.3478198744732  1  1.26448460114122  11.2001  11.513350865482 
11.5393762466146  7  4.21090431027823  11.2001  13.3972971530423 
9.51837708881181  5  4.6265292081015  11.2001  12.6969520138578 
11.1019547715297  5  4.69946950338675  11.2001  13.9302759938092 
12.3737790881782  5  6.12996552074972  11.2001  14.8390777776798 
7.88201455709341  3  2.45002650165486  11.2001  12.2913889986235 
6.29286226259654  3  1.58051331317737  11.2001  11.851322197528 
13.4151697622095  7  4.74813522854544  11.2001  15.7531973770629 
8.27536224314102  3  4.05010541458747  11.2001  13.2038954236481 
8.66477153360673  4  3.25289542924107  11.2001  12.9339369380251 
8.95443326288473  4  3.11201660873232  11.2001  12.582891813374 
2.37391336843414  0  0.330157072002591  11.2001  10.8971235199204 
6.52865872096509  3  1.76138908422854  11.2001  12.3979906138779 
8.98369636473902  4  2.87454690150212  11.2001  12.8894197683352 
6.40656884078369  4  2.19520190089414  11.2001  11.910827173623 
7.52677039014457  3  2.96528101302014  11.2001  12.063905527017 
6.78549833691339  3  1.84142519829928  11.2001  11.9546106806435 
9.53428383379846  4  4.73329211432076  11.2001  13.4777170154317 
13.6833724988494  8  5.83123744716565  11.2001  14.3236681812731 
10.1463034426675  4  4.06054970600145  11.2001  13.6352306041206 
9.77805892055242  6  4.61442602689983  11.2001  12.7706513337029 
7.97378128449213  4  2.56775638842425  11.2001  12.173030497422 
6.30762702434666  5  1.67577519884779  11.2001  12.0129669064151 
10.8139003300828  4  4.68567815960769  11.2001  13.5340896123197 
8.53131399166524  5  2.32345957152329  11.2001  12.76911382264 
8.70122364699744  3  3.13062519278539  11.2001  12.8698414924767 
6.87937340271188  4  2.43321388563151  11.2001  12.2573058955054 
10.9542987317202  5  4.6300538370801  11.2001  13.4252583233909 
8.16889414808833  3  2.63064620266531  11.2001  12.8120812587553 
10.3716310883406  4  3.62781823542463  11.2001  13.6777051649192 
7.88436816763586  4  1.73911899290694  11.2001  12.3985594200542 
8.33728789220937  4  2.86306795632911  11.2001  11.7646691483766 
10.0929796555448  5  5.34248795660427  11.2001  14.3122986116847 
7.50370125559412  3  2.86280009682493  11.2001  12.27248891 
5.87912187392266  3  1.24751601915653  11.2001  12.1480900920226 
10.5300538177194  6  4.01714522198926  11.2001  13.8022668013441 
7.19774601983901  4  1.7240500170589  11.2001  11.3884345416378 
8.81578721598362  6  2.49325943201979  11.2001  12.6283573171975 
9.33829121483284  4  3.9494866972861  11.2001  13.3560443415093 
10.2187439717832  6  3.50168913532839  11.2001  13.0562921784034 
6.92904787266645  4  1.8935100067632  11.2001  12.2541078098396 
6.15565631613227  4  1.75696222071956  11.2001  11.7249637528136 
7.99053846370415  6  3.83085175839205  11.2001  11.8567426565403 
8.58764476274431  3  3.81880722026062  11.2001  12.1167191232066 
7.97776504060011  4  2.42709424713599  11.2001  12.1459952961667 
12.0911181406178  5  6.96893611870127  11.2001  14.5722000685068 
11.0436075614375  5  4.59509801125866  11.2001  14.5444074936506 
8.27146524173765  5  2.49301024838313  11.2001  11.6592875495617 
11.8268740344178  6  4.24086511641814  11.2001  13.5105662011822 
4.69234477704972  2  0.959301243139794  11.2001  12.1871233011646 
10.0589842029983  6  4.72693093848059  11.2001  13.3534734117246 
10.4541729354456  4  3.58371740632655  11.2001  13.4910016789258 
6.80523511946679  3  2.42656389815813  11.2001  11.9176488767408 
6.48611449472024  2  1.96095191710027  11.2001  12.6442684247532 
12.4133339045601  7  4.59303958724784  11.2001  14.3040405374144 
13.8081562417472  10  4.87271365118625  11.2001  13.6564071918623 
11.5946902306521  4  5.67372808012867  11.2001  15.454459412141 
6.90183248747567  3  1.88271431079254  11.2001  12.452090162003 
5.87939686799026  1  1.80790622103286  11.2001  13.0182692122249 
8.11481861912631  3  3.32643282015962  11.2001  13.1907104927315 
7.56815122262125  2  2.69503429213224  11.2001  11.6628369715095 
7.81399917008218  4  2.17593425280493  11.2001  12.178792236803 
5.28477477786533  1  1.31051754901452  11.2001  12.1614273072517 
6.13116718611368  1  1.73954884083875  11.2001  11.9073477985978 
8.46061519446562  4  3.0399566054983  11.2001  13.2763477763281 
7.23090498543061  6  1.36957149206998  11.2001  11.8968538874618 
11.9003640833159  6  5.03291401155552  11.2001  13.1480060959233 
8.84005196133776  3  3.43339248557094  11.2001  13.154331378866 
9.879284559314  6  2.66052120336258  11.2001  12.6511680083302 
10.9143980469566  5  4.5134129543319  11.2001  13.4075356313306 
7.72622706067213  5  2.62351448805892  11.2001  11.8726309501911 
13.0818383353552  7  5.07996044440209  11.2001  13.4711991125286 
4.54652059603674  3  1.05522582766175  11.2001  11.5041551735189 
12.8639301913993  4  7.79677705866383  11.2001  14.9398305630754 
9.5303533464033  5  3.03944527180214  11.2001  13.3151159914257 
7.67545181484907  4  2.2533224738148  11.2001  12.9127704514533 
14.861576376653  8  6.76941815601832  11.2001  15.0417215410931 
7.77197142298592  3  2.66035514786712  11.2001  12.8953916243926 
14.6920420536777  10  4.79023181284513  11.2001  13.450780524164 
7.13788433698678  5  1.7529457476609  11.2001  12.3301123344529 
12.9989147653622  6  6.63612751228395  11.2001  14.5073885201371 
13.7009238779284  7  5.03613147237345  11.2001  14.0751973520583 
9.06611687130654  7  2.25482875494591  11.2001  12.0746659773092 
9.25355225908508  4  3.24821198932316  11.2001  12.7011507861044 
9.67653726754616  5  3.62219237163126  11.2001  12.8830362115735 
7.91486471764487  4  2.51688129470836  11.2001  12.3716096328877 
11.7893314764388  5  5.68780047151513  11.2001  14.3687632884941 
6.66136118448418  3  1.82281281398178  11.2001  13.3566312679062 
6.87254019634596  3  2.2122238768819  11.2001  11.065552177877 
8.91437777587259  4  3.23007352077412  11.2001  13.4357891742953 
8.57617710705715  3  4.52111339699219  11.2001  13.1191990395389 
7.80748910254782  3  2.83653303688531  11.2001  12.6035824685427 
5.56958675509436  3  1.44798310070116  11.2001  12.0361616399909 
9.56888605860746  6  2.09817293563996  11.2001  12.7318677136323 
10.6568085831349  4  4.0723095211697  11.2001  14.372291639237 
7.38101396596144  3  2.88508698856732  11.2001  12.1402276552452 
10.8966057097157  6  5.56925742388766  11.2001  13.943861069409 
11.8698979258487  6  3.68300348546994  11.2001  13.2544161568983 
6.65791589879491  2  1.97645473141914  11.2001  11.7676614543875 
7.06025710285494  4  2.15334414090716  11.2001  12.9537483092468 
9.1611627300973  4  4.5125616710492  11.2001  12.9046617894518 
11.6145647767472  6  4.66867213710573  11.2001  13.3123700311094 
8.26037777656122  5  2.686894503118  11.2001  12.7321084557338 
11.1157554488462  6  4.03260089741118  11.2001  12.6899388323046 
6.05421562200795  2  1.85745250650881  11.2001  12.576458703931 
11.5631512450434  5  5.11420203555492  11.2001  13.6900484076938 
6.14232461691391  2  2.07045804182991  11.2001  11.8902701612882 
7.54386421924968  4  2.40434992373429  11.2001  12.1341075004953 
9.68514504570649  4  4.47112462837213  11.2001  13.1797730655868 
9.49576686037986  6  3.54003320991124  11.2001  13.0138842857603 
6.23212673571074  4  1.65200640352957  11.2001  11.4496433720294 
10.1109222544518  6  3.75372099215459  11.2001  13.0435366865568 
7.84809714508537  5  2.57511679065472  11.2001  12.8342866090996 
10.0354562308097  5  2.99373887550756  11.2001  13.4946454210511 
6.23944644278095  4  2.35224157598733  11.2001  11.8785486161349 
12.576500478251  7  4.77232333073256  11.2001  13.926973807865 
7.23621090056864  2  2.38095168690767  11.2001  12.5636815872161 
8.91586178293533  4  2.92034375646057  11.2001  12.5311236477957 
5.70185425291941  3  1.46422020113346  11.2001  11.6067228793529 
9.7936772820765  6  3.30282613635572  11.2001  12.3623042755553 
6.71687826286976  3  2.09832050634193  11.2001  12.3875483933871 
4.21396933329832  3  0.764256263763447  11.2001  11.394167894757 
9.25050843532442  5  4.45629706239253  11.2001  13.3066312615346 
8.17710599629256  5  2.71461174625857  11.2001  13.0237792690499 
8.02362831362039  3  2.52319212678572  11.2001  13.0481271422435 
7.14086164789746  5  1.67893929830696  11.2001  12.7112774562897 
4.96206700689813  2  1.39952153089112  11.2001  11.8823905449845 
13.6682103321556  8  4.80885138682052  11.2001  13.7828277810873 
8.55232315739441  5  3.28232097884537  11.2001  12.6518686434844 
7.43013879389898  5  1.90319510104748  11.2001  11.9904789471836 
9.6204731229565  4  4.18722245842041  11.2001  12.8348415065577 
6.56919093443132  3  2.03641589524708  11.2001  11.9860501300357 
8.2047926631855  5  2.28177138229992  11.2001  12.4028001739035 
10.5342589641418  6  4.59337834766313  11.2001  13.0103470981654 
5.73697010598992  2  1.6232845426968  11.2001  11.8584939731395 
9.03669359633173  6  2.81828407143096  11.2001  13.1609096700592 
9.90663857329438  4  4.33098824375343  11.2001  13.5570445081357 
10.0885642929798  4  3.36717291597436  11.2001  13.2641698494184 
10.4065226606399  5  5.11252763895297  11.2001  13.9483727806154 
8.57282237065779  6  2.29093701855228  11.2001  12.9306125229731 
8.89543823902134  4  3.56355508935829  11.2001  13.3158008690343 
8.25323102406105  5  3.2579219636447  11.2001  12.1268693879725 
12.4075775311336  7  5.96085761136294  11.2001  13.4704704829023 
6.35871351911798  4  1.85838925473041  11.2001  12.2251430745078 
3.78335646333952  2  0.961641172573915  11.2001  11.5522619400346 
12.0431926439995  7  3.81437209312223  11.2001  13.597920644458 
7.92564792655762  5  2.63731637412652  11.2001  12.4642130392835 
9.29475685298105  4  2.88819562372801  11.2001  12.9525641068888 
8.51227784477866  5  4.60240005065527  11.2001  13.539957753505 
10.5471507869357  5  2.96374034616235  11.2001  13.941167695432 
5.12149566904419  3  1.23037838414972  11.2001  11.8320649956958 
7.22386553494617  3  2.30290623409219  11.2001  12.8032337078509 
7.56982957439732  4  2.2441203163983  11.2001  12.6749079739916 
9.10488817953657  3  3.70750855238921  11.2001  13.0353201589627 
12.7115733141966  9  3.6011405542435  11.2001  13.6064196086987 
10.4923332479508  5  3.58887090927746  11.2001  13.1317945551914 
8.55720051766281  3  2.65940497814399  11.2001  12.576355288401 
8.61718647631456  6  3.13376553014698  11.2001  12.3556913588429 
12.8833938625776  5  4.9894249131446  11.2001  14.4114303162549 
10.5251689923943  8  3.23154261018145  11.2001  12.2332079121414 
5.81697577061333  4  1.49971988237725  11.2001  12.231680968675 
6.49692460486547  2  2.11294171525263  11.2001  12.5336638110195 
6.0576753495474  3  1.93057108897883  11.2001  12.4643675654569 
8.83891748506171  5  3.73320177283004  11.2001  12.3015487219499 
14.3752653951082  9  4.37699788149152  11.2001  14.0983081863232 
8.49033764887067  5  3.10083250847674  11.2001  13.1153814107143 
5.76830706235178  3  1.71460806476663  11.2001  11.0830107438979 
6.55630312346059  4  1.96261753376831  11.2001  11.961055474013 
5.6637122439735  2  1.60917713119741  11.2001  13.2052021252729 
9.006324018656  6  3.0896989054606  11.2001  12.4555182735033 
8.25085820408568  6  3.06985548139078  11.2001  13.6917743913786 
6.66329443496391  4  1.84207120694607  11.2001  11.5003440558323 
9.84655125710358  6  2.90968802417624  11.2001  13.0165774635535 
13.5560032188557  8  7.20040344045476  11.2001  14.5720711602049 
7.39817601026669  5  2.34371490142677  11.2001  12.5543334386391 
9.54504480132313  5  4.06050249726685  11.2001  12.7976356884764 
8.3938241657347  4  2.82129473190079  11.2001  12.015737885561 
9.13485077909868  5  3.45722594862189  11.2001  12.9108335269428 
6.16647796402884  3  1.47394481572804  11.2001  11.485417425238 
11.9145326965565  6  5.38969435313895  11.2001  14.4883176891718 
9.57147564607978  6  2.38378925490282  11.2001  13.081264656825 
6.33264614686396  1  1.86965215325406  11.2001  11.7098247726751 
6.94962488981781  2  2.51760800665006  11.2001  12.5513649745472 
8.59896717002124  4  3.4385633601313  11.2001  13.351329562315 
7.99892936914649  1  2.86712347591303  11.2001  12.8048240115831 
10.746856279299  4  3.19761572678304  11.2001  13.8465523741455 
10.0765028728172  5  2.87173538361247  11.2001  12.9479192636203 
10.8817784002805  6  3.74767203617084  11.2001  12.6290970752675 
7.0681281887054  2  1.90784094633854  11.2001  12.6381760764925 
10.5137481295538  5  4.53171138816995  11.2001  13.3847518018273 
8.07843553921079  5  3.05328627629839  11.2001  12.3561052192264 
8.37818133748402  5  2.81873383048253  11.2001  12.1398769502266 
12.5102679063203  5  4.86874855394265  11.2001  14.5186187021715 
10.143428919263  5  4.90233188353752  11.2001  13.6870396305523 
8.79393500938288  5  2.9524731497493  11.2001  12.0946734675457 
5.82108802484084  3  1.61676640813637  11.2001  10.9971355292048 
7.67103862332615  4  2.21857974885352  11.2001  12.7552999054486 
6.56694897722763  3  1.7194892116329  11.2001  11.391552764661 
9.32715464105896  4  2.74752805302629  11.2001  13.0341551693211 
6.03873331198712  3  1.30482787333833  11.2001  11.3345048016912 
5.09494964397218  3  1.14150770279607  11.2001  11.6332763537587 
7.56393446471923  5  2.89859225202031  11.2001  12.2290680219565 
11.22104336639  6  3.87178369438768  11.2001  13.4239657284705 
9.97984629443416  6  4.02373675729582  11.2001  13.2519770546637 
10.9647588486409  6  4.983819338498  11.2001  13.4963018812073 
7.10627196977896  4  2.88104143410356  11.2001  12.4900950394964 
9.7398235094682  4  4.55158022275928  11.2001  13.2794513130865 
10.9317565451398  5  4.55774249694552  11.2001  13.3498396233537 
4.91675424568995  1  1.3508290268177  11.2001  11.887184261949 
8.65731221083248  4  3.22630814882563  11.2001  12.5200596758484 
10.0282067291693  3  4.01004411696846  11.2001  13.2941838971224 
5.5346480967396  3  1.13906495681444  11.2001  11.3602316251768 
6.80520816730004  4  2.01074331052825  11.2001  11.5612534962668 
6.61181265715572  3  2.04863428018986  11.2001  10.8038054526069 
8.27936983053906  4  2.96224215808749  11.2001  12.1613009413057 
9.55535007276999  5  3.57314559714481  11.2001  13.5100680987275 
9.22068030433456  5  4.0176115240622  11.2001  13.3803454993516 
4.85264565663584  2  1.07321683116774  11.2001  11.4398121202143 
6.19887907447619  3  1.68730289087435  11.2001  11.6355114242821 
7.56516577586528  4  1.85404010061864  11.2001  12.0710384074512 
9.19906561597987  3  3.20851878957898  11.2001  13.8751901901698 
4.67126817413026  0  1.21602430652653  11.2001  11.4990723068246 
8.72773449488605  3  4.45418537959679  11.2001  13.389343596217 
7.35898753444141  4  2.21517412872661  11.2001  11.7885432470363 
14.7233695423446  7  8.45164496787025  11.2001  16.0534460085357 
7.8009320352056  3  2.29527525700131  11.2001  12.3642918368729 
5.58158545324302  2  1.57503816173482  11.2001  11.7224209338603 
14.1088707468963  7  4.89858748385313  11.2001  14.3152566994227 
9.34714385580559  5  3.59867609090891  11.2001  13.0319697803723 
7.56789291284014  3  2.79492286154545  11.2001  13.051859932165 
7.2753323090663  4  2.11328916283356  11.2001  12.6334480967795 
5.92056245755386  2  1.65711320994468  11.2001  12.0334456093864 
6.98632400671297  1  2.07330582072789  11.2001  12.2461664019403 
10.0110789490954  7  3.91968951331581  11.2001  13.0017510971007 
12.728468537404  7  5.03525662201313  11.2001  14.7441995164851 
9.87714733236365  4  4.40080658837012  11.2001  14.1721378119794 
14.3478017264033  5  9.05087754464305  11.2001  15.5248838180069 
6.56912838859286  3  2.21545890562237  11.2001  12.0704221797029 
9.33944608519741  5  2.88792055713552  11.2001  13.2701831649291 
5.47083666780137  2  1.41084332775602  11.2001  11.6330938632051 
5.63495986985692  3  1.43331288683359  11.2001  10.8152220865466 
10.0851405536824  7  3.23345409523198  11.2001  12.2029763538049 
7.25248047407642  4  2.12726235359415  11.2001  12.1719253526931 
9.52810589577587  6  3.31986088517858  11.2001  12.9895738449502 
6.01232250429921  5  1.28012864888493  11.2001  11.6057293398955 
8.02004129515675  4  2.17403190438939  11.2001  11.9227273473624 
9.03674988887071  4  3.75648668426031  11.2001  13.4242091841257 
11.9715494421879  6  6.06557743662815  11.2001  13.5363213716649 
10.8161857289584  7  2.80215631608423  11.2001  12.9969973160266 
7.28400880166144  5  1.65195179039219  11.2001  11.8701597387555 
9.91946336718331  5  2.93817555727188  11.2001  13.2382847585219 
10.447721682514  5  2.59666081800926  11.2001  12.7656535749016 
10.2149187522916  5  4.5170867618351  11.2001  13.3626499082458 
7.52161271508428  4  2.18449432713815  11.2001  12.7435537871631 
9.03902564035147  6  2.90100771336785  11.2001  12.649101747543 
8.41571577710118  5  3.26072257237034  11.2001  12.9040030367651 
9.53177972970532  5  3.10166200914291  11.2001  12.3217069688596 
7.53663916836216  4  2.08954055839986  11.2001  12.5951242852187 
6.49889727011566  1  1.96678903392601  11.2001  11.9556530931029 
8.05699284918733  5  2.38162339538797  11.2001  12.7025202347235 
6.76319542662648  3  1.79807042944444  11.2001  12.2321750475496 
7.97521583984049  5  2.74839192842485  11.2001  11.8517999720813 
12.1988082053923  7  4.42843003724817  11.2001  13.0213070110256 
8.53913448160514  5  3.0393067510475  11.2001  12.3222637231244 
12.6977051882772  6  5.23785375430214  11.2001  14.7541412875623 
9.32211236532599  5  3.130278905442  11.2001  12.4514234478243 
8.21848453122205  5  3.29697744977598  11.2001  12.3605302977255 
9.01359120431545  4  2.75091232777177  11.2001  12.6520666864704 
8.34173478870334  6  3.23275384801886  11.2001  13.2366804086237 
6.93127111210271  3  2.30635945422704  11.2001  12.0555005625537 
9.9497962268383  4  3.80552304755798  11.2001  13.2508927964006 
10.6087375609606  7  3.2652038625999  11.2001  13.633921588736 
10.7262398578974  7  3.18471566038732  11.2001  13.4820617029936 
7.03357734013869  3  1.68255400246152  11.2001  12.3212102643629 
8.56944344774822  5  2.5336417191282  11.2001  12.9305488791598 
12.6861057051206  7  5.35348589193189  11.2001  14.3234749384751 
12.3063406315581  7  5.78133718815304  11.2001  12.962686979321 
