1.57703206833649  0  0.17492295451127  7.8401  8.01749064379118 
1.58541210144689  0  0.152289656803143  7.8401  8.09419294419389 
1.65054125204074  0  0.229421086123493  7.8401  8.350350685329 
1.27756707871418  0  0.13438166493227  7.8401  8.32216405880329 
1.42123259544477  0  0.124149085351892  7.8401  8.18317083628307 
1.47897918909993  0  0.144542699558773  7.8401  8.16136128269491 
1.35340147982105  0  0.103523701163493  7.8401  7.96828692706203 
1.88123224912075  0  0.203679126504358  7.8401  8.31945791673163 
1.59489075708161  0  0.196121689990114  7.8401  8.43946295785368 
1.96861745198181  0  0.297877768882252  7.8401  8.20754512187525 
1.75918504500539  0  0.276716445232758  7.8401  8.20580155306044 
2.0448200707803  0  0.296176583837773  7.8401  8.45764545103001 
1.94142216828628  0  0.353358899270248  7.8401  8.22214975157968 
1.47498479641769  0  0.144544954186195  7.8401  8.091821639955 
2.00842854332472  0  0.249819279744181  7.8401  8.6062654127675 
1.40687767011971  0  0.172493158227377  7.8401  8.0154668662437 
1.64813731222705  0  0.209563590661793  7.8401  8.06605125821231 
1.76084908461889  0  0.189851955230914  7.8401  8.24893168928023 
1.7454945122417  0  0.21639491001308  7.8401  8.08895046766949 
1.86215370012747  0  0.23419779565164  7.8401  8.36937573541997 
1.14904185386207  0  0.112847842921218  7.8401  7.93078180204009 
1.52092690871468  0  0.206826891484553  7.8401  8.34011848793025 
1.73186751762737  0  0.279139443613392  7.8401  8.22848159242442 
1.74723490087651  0  0.181736791601141  7.8401  8.30532708449028 
1.40860842433268  0  0.133426265533412  7.8401  8.44631630375821 
1.68819381489485  0  0.207497584965344  7.8401  8.1975584071363 
1.90845128989091  0  0.221231222405675  7.8401  8.54849785323991 
1.31683980175334  0  0.11461257697799  7.8401  8.00280232464988 
1.66356852586576  0  0.255028479407243  7.8401  8.26779548453068 
1.36010600037811  0  0.103293876997634  7.8401  8.03871323610771 
1.59244143162968  0  0.15333573451832  7.8401  8.10871632291094 
2.30120942234207  1  0.431718326505647  7.8401  8.44644697294981 
2.09858994659062  0  0.227397639769783  7.8401  8.47814395848589 
1.88570745741322  0  0.239851925450103  7.8401  8.56809328231889 
2.01276967986208  0  0.298472520607205  7.8401  8.26681843194554 
1.50327352492503  0  0.178069281177997  7.8401  8.17354266678939 
1.52769871631619  0  0.225067547944843  7.8401  8.04198417881844 
1.90494139656868  0  0.209347274248819  7.8401  8.06145172231827 
1.55691420420226  0  0.208584955169798  7.8401  7.70923765216592 
1.69362716565277  0  0.169216629190348  7.8401  8.06517101049911 
1.2652510838297  0  0.0825201702315252  7.8401  8.1188100168174 
1.33218553064062  0  0.108282252070963  7.8401  8.16765543717514 
1.50525305291777  0  0.156769195152536  7.8401  8.21006414317412 
1.39635993405202  0  0.110219314703351  7.8401  8.15561081352004 
1.84766357387804  0  0.194226756708803  7.8401  7.59039786365503 
1.96902528033501  0  0.242410350727619  7.8401  8.20654057591518 
1.71206333931068  0  0.248479380898126  7.8401  8.5691050313315 
1.54684238427154  0  0.192207313634252  7.8401  8.3297367214073 
1.30168468050872  0  0.118402757348743  7.8401  8.19002524958921 
1.27373275806743  0  0.135263809538022  7.8401  8.23552390878213 
1.89547477343787  0  0.242121514072917  7.8401  8.26963287098464 
1.79592570778155  0  0.231885278623766  7.8401  7.95891283850145 
1.71556476550005  0  0.204050249656094  7.8401  8.189023730374 
1.58943952473875  0  0.152574323476757  7.8401  8.00312619827506 
1.94988919319884  0  0.236607056791921  7.8401  8.25998732416508 
1.80982395707539  0  0.158877902065206  7.8401  8.22226035945823 
2.318057373264  0  0.256383737450618  7.8401  8.03022214247629 
2.25125753140771  0  0.316951722683425  7.8401  8.41297052098856 
1.58614607957924  0  0.168227745636241  7.8401  7.76241666644945 
1.52568232791509  0  0.15553029480942  7.8401  8.17542467773478 
1.68739540399576  0  0.179627257749712  7.8401  8.31569193493917 
1.87556275586062  0  0.274886689507101  7.8401  8.34380557425261 
2.09390774240304  0  0.284200911558618  7.8401  8.22861007831954 
1.60599612436915  0  0.155924868361695  7.8401  8.06005410040147 
1.86551803842376  0  0.254447197993453  7.8401  8.51456246695847 
2.38055593754714  0  0.38385549933987  7.8401  8.25116258666676 
1.68380551888363  0  0.185428552879933  7.8401  8.51554957381594 
1.99769529893758  0  0.258398147412377  7.8401  8.24014127419678 
1.4090747731839  0  0.173002511869381  7.8401  8.05471516277416 
1.92836250264244  1  0.263808478837909  7.8401  8.63276767531522 
1.42697088089896  0  0.158911484563087  7.8401  8.71593935256683 
1.7654261004906  0  0.276202901720359  7.8401  8.46913855965785 
1.54222703282608  0  0.169161054122388  7.8401  8.40060269173463 
1.83809443068407  0  0.190066417147243  7.8401  8.38002214457987 
2.84164376417127  0  0.588296071826955  7.8401  8.28927372069306 
2.13236436732286  0  0.305263723850927  7.8401  8.66505317047128 
1.87472644817678  0  0.210677415374668  7.8401  8.40962653721003 
1.96150806189026  0  0.335325209211285  7.8401  8.31015712193577 
1.82539086754304  0  0.237813744698325  7.8401  8.43314210161128 
1.59001841225087  0  0.164232674286109  7.8401  8.22029318974776 
1.31079726907714  0  0.191088799731411  7.8401  8.22232851236803 
1.69899979826531  0  0.251019907229447  7.8401  8.23572933522701 
1.95300800437215  1  0.28338110291043  7.8401  8.14053288700554 
2.12252910409459  0  0.298809447741867  7.8401  8.12082585211054 
1.91291095029074  0  0.292022152345855  7.8401  8.31506805069541 
1.43760751076714  0  0.20352439628778  7.8401  8.18170704702328 
1.81936083950727  0  0.207630872665306  7.8401  8.23440345480183 
1.16718810028593  0  0.0749117020081699  7.8401  8.02768656382304 
1.6340446414902  0  0.154568038421136  7.8401  8.00933962720238 
1.72986215057261  0  0.178183640625024  7.8401  8.09199461497283 
1.81124225379962  0  0.225339341903933  7.8401  8.14790169776485 
2.61999875556538  0  0.406471870420859  7.8401  8.32363560550437 
1.62771706313996  0  0.1846783969802  7.8401  8.25193375866485 
1.43906448909231  0  0.136841174035502  7.8401  8.03435990933051 
1.24578400760166  0  0.108613406832224  7.8401  7.94716119362915 
1.95921031294435  0  0.213902727548114  7.8401  8.70519579946261 
1.55939195663208  0  0.183838610263043  7.8401  8.25041109555839 
2.03031490593301  0  0.256786574263839  7.8401  8.63127648814395 
1.43968072844115  0  0.137696741643321  7.8401  7.79828321065282 
2.14212210134834  0  0.347034280676709  7.8401  8.1009384221184 
1.86717071657961  0  0.225895745109773  7.8401  8.36856967653697 
1.44247705467626  0  0.169005720422035  7.8401  8.07851293377401 
1.85795946374993  0  0.211991113927805  7.8401  8.49570820119111 
1.83791875347316  0  0.220516955513279  7.8401  8.38122514376184 
1.99322012998885  0  0.269936649556857  7.8401  8.17962849001395 
1.71376614314515  0  0.164826943317247  7.8401  8.62267840382399 
1.10725957875943  0  0.0679317874755366  7.8401  7.78227405354707 
1.66259491552334  0  0.155436659751865  7.8401  8.01555008425519 
1.41940678195865  0  0.162197175713271  7.8401  8.12755619319075 
1.53294401903893  0  0.16014301802411  7.8401  8.04302787968101 
1.96287948040906  0  0.251883539707432  7.8401  8.0842361564821 
1.88403104451665  0  0.242844140390035  7.8401  8.18659352966046 
1.57995430683367  0  0.141842084962819  7.8401  8.04260189821584 
1.67096993742282  0  0.181965203923166  7.8401  7.96119321200768 
1.47230464114312  0  0.144580938173337  7.8401  8.08311590382083 
2.17213699152386  0  0.323116342576527  7.8401  8.76489607085854 
1.77216237501506  0  0.208622561441156  7.8401  8.32084836679164 
1.28493874496675  0  0.161378445145886  7.8401  8.08173831786341 
1.83262361344354  0  0.199444992598652  7.8401  8.34337053566549 
1.41776108832009  0  0.149545164108648  7.8401  8.05692477746451 
1.60887743064022  0  0.250583349437855  7.8401  8.37270589134043 
1.51549192740866  0  0.177910329931916  7.8401  8.13297904935617 
1.69899599940668  0  0.199192897017623  7.8401  8.43370884619153 
1.83574468980609  0  0.263278472381988  7.8401  8.19038882896856 
1.63564591625181  0  0.264208654487305  7.8401  8.49992983506293 
1.59328845760225  0  0.184278165155083  7.8401  8.14394103173438 
1.73848154054969  0  0.202440917126464  7.8401  8.10611890335859 
1.66024487493151  0  0.186195198893233  7.8401  8.12024575992069 
1.73757034190175  0  0.160095894526154  7.8401  8.16286182350899 
2.02705789233408  0  0.279846937579311  7.8401  8.05349346904063 
1.38540613173668  0  0.128503034159529  7.8401  8.00294791012136 
1.89566354741245  0  0.248441096579969  7.8401  7.89224388932995 
2.2535353469621  0  0.308353097767974  7.8401  8.32576666123418 
1.59906733173914  0  0.178248857759589  7.8401  8.08002445235553 
1.52851334038968  0  0.185559289804182  7.8401  8.09059953294555 
2.27516740991331  0  0.303868353183282  7.8401  8.48253848632432 
1.90994587834493  0  0.235049629960308  7.8401  8.22930315969587 
1.68598816676948  0  0.174194614553121  7.8401  8.06949244568436 
1.96592048720118  1  0.241792420125587  7.8401  8.30723644769124 
2.20101422025177  0  0.355161743516844  7.8401  8.5267436377099 
2.10759507882715  0  0.392937305825676  7.8401  8.27152410243515 
2.36179639211613  1  0.421636585710028  7.8401  8.46871839060345 
2.21063291720741  0  0.324234499920705  7.8401  8.74348422768781 
1.75380831726359  0  0.242834387210661  7.8401  8.7114956669777 
1.56231056024661  0  0.16255402395262  7.8401  8.22221860412302 
1.61473455270409  0  0.260973010580424  7.8401  7.92364080624564 
2.0612831567955  0  0.30660090006908  7.8401  8.40936662570475 
1.8184223360366  0  0.291350929957832  7.8401  8.31351808671926 
1.62920272923033  0  0.200122376776851  7.8401  7.94649503882979 
1.47289391447518  0  0.148874210487731  7.8401  7.90876915074795 
1.29300183838543  0  0.162707755781683  7.8401  8.07087633649115 
1.26144588793575  0  0.137541415166266  7.8401  8.23777165853546 
1.47501704157198  0  0.152710789640029  7.8401  8.14236128012813 
1.74973884035455  0  0.209484416684872  7.8401  8.35981114821858 
1.44466685797689  0  0.140481399196887  7.8401  8.28677310453027 
1.87854160627567  0  0.332638174625871  7.8401  8.44549384888467 
1.76301145690969  0  0.278713266573347  7.8401  8.11917267308634 
2.00813968967074  0  0.354519284605042  7.8401  8.70313186371439 
1.57800295965426  0  0.147606911055913  7.8401  7.84202971806344 
1.48287422489352  0  0.191752989169812  7.8401  7.96264796984801 
2.05068277236509  0  0.347840604760883  7.8401  8.40993862589359 
1.69801968483614  0  0.16781303506183  7.8401  8.15800177099747 
1.73377027376938  0  0.146486433697046  7.8401  8.16776476344498 
1.31577152882384  0  0.116774129693186  7.8401  8.09757814337858 
1.70978105849834  0  0.265331111501764  7.8401  8.60469859172952 
1.46954109235356  0  0.156825217868345  7.8401  8.69231174831843 
2.23129434467839  1  0.312383218123295  7.8401  8.40834022877669 
1.86046288354682  0  0.282711372636567  7.8401  8.42604408787406 
1.65152055017034  1  0.168807178871668  7.8401  8.32746319100331 
1.04380359443838  0  0.0880596634273539  7.8401  8.18406026897391 
2.15746836316661  0  0.267170192892901  7.8401  8.20352989889678 
1.6763662919307  0  0.207601444111926  7.8401  8.38787250924717 
1.52676715674408  0  0.149766125124564  7.8401  7.78698806342346 
1.88090041263429  0  0.26004152016951  7.8401  7.95172955316516 
1.48105414191785  0  0.13282539034285  7.8401  8.1092875323003 
1.72900915010276  0  0.205704104736638  7.8401  7.90911727397491 
1.40221455105949  0  0.161334507304544  7.8401  8.07680431929398 
1.42881669034  0  0.157514287402702  7.8401  8.05996713142825 
1.60288505668595  0  0.202128001432209  7.8401  8.08623717611682 
1.44996895132772  0  0.117896285152791  7.8401  7.96568538514872 
1.53353976914346  0  0.151853902552959  7.8401  8.39346133042869 
2.3596226510867  0  0.456233132490568  7.8401  8.342297640395 
1.36267282133696  0  0.139595517414657  7.8401  7.88812394440679 
1.80023642341523  0  0.200171649493854  7.8401  7.9323524167842 
1.35389290459081  0  0.154711941605057  7.8401  7.78501689558012 
1.54533923857949  0  0.16605658267688  7.8401  8.34693251462465 
1.87554172499293  0  0.267697140103339  7.8401  7.90221034737115 
1.53775256213474  0  0.156678668285246  7.8401  8.00276781417008 
1.55772867818455  0  0.220376403590868  7.8401  8.12920573602893 
1.47479253488914  0  0.176372987227305  7.8401  8.01062234091065 
1.52900688942013  0  0.171717413147309  7.8401  8.26766024762136 
1.25050358477844  0  0.187588357746427  7.8401  8.31264463346048 
2.10939669277555  0  0.346210126254101  7.8401  8.32588540763708 
1.80358159186161  0  0.219335930199648  7.8401  8.3097086776394 
1.77797748502956  0  0.236570933536396  7.8401  8.00701165425962 
1.46529711041875  0  0.15901987711011  7.8401  8.15827311241716 
1.76971279469502  0  0.180154194412826  7.8401  8.56487694722175 
1.68448028476084  0  0.186061677746331  7.8401  8.6747168939491 
1.76926289545505  0  0.278828195544086  7.8401  8.22673087022363 
1.53821361058411  0  0.147914749362827  7.8401  8.13950178002036 
1.60521206509768  0  0.14676833927649  7.8401  8.16752784291813 
1.48726608085656  0  0.179093390840357  7.8401  8.21837059526775 
1.16073140646187  0  0.08941115640668  7.8401  8.33415123018241 
2.06921799402292  1  0.265689471454517  7.8401  8.20041377920893 
2.13067186852547  0  0.234336494538924  7.8401  8.53470298180537 
1.65409443771265  0  0.176566492851129  7.8401  8.34128899146248 
1.8719012335737  0  0.254085367747684  7.8401  8.03880941789574 
1.60010769745495  0  0.216426920152623  7.8401  8.21174238339115 
1.93677159229805  0  0.232713258932213  7.8401  8.42386437685921 
1.80720461809854  0  0.256991991486091  7.8401  8.31296236021792 
1.47081221690759  0  0.152110157274145  7.8401  8.15029253637005 
1.7000600782697  0  0.269873803987465  7.8401  8.32970612075354 
1.6774531092212  0  0.160563049191883  7.8401  8.55571182325872 
1.32243260759719  0  0.123338157814585  7.8401  8.15615627551377 
2.07046446422267  0  0.455486502899586  7.8401  8.24170743625305 
1.62009361288148  0  0.203172220906095  7.8401  8.02616574809164 
1.34414860934277  0  0.210671128241843  7.8401  8.19730689677374 
1.82123023659002  0  0.253393128574484  7.8401  8.10025004224908 
1.24286540074911  0  0.0934092470122219  7.8401  7.96667026134059 
1.90994767113925  0  0.292413235121291  7.8401  7.93869259953168 
1.34089162917268  0  0.196657368089987  7.8401  8.3904893780022 
1.9518955411481  0  0.251809079529076  7.8401  8.55986033014673 
1.94455638567378  0  0.327982637594694  7.8401  8.2505857275649 
1.76752767316972  0  0.192016657991726  7.8401  8.56764563915718 
1.43482529457864  0  0.109946557730305  7.8401  8.06316974773843 
2.03080912448211  0  0.254271738019221  7.8401  8.04177211625626 
1.37750888744673  0  0.138682494208323  7.8401  7.92014871354331 
1.46625477683716  0  0.15316909882783  7.8401  7.81308356659321 
2.16281737167116  0  0.366735858007999  7.8401  8.36786274768405 
1.66993267690929  0  0.178719294880976  7.8401  7.92460733266588 
1.92364478310025  0  0.249239167698585  7.8401  8.44780455448641 
1.1646208181116  0  0.0847654550774975  7.8401  7.95103242387832 
1.6982484689791  0  0.189292222491753  7.8401  8.29342965293221 
2.06259130042326  0  0.276130394535994  7.8401  8.76680960107083 
1.42352532834072  0  0.13949194598595  7.8401  7.90603875436917 
1.21619876901589  0  0.139980332957497  7.8401  7.65059568434923 
1.70510651371879  0  0.208940698556064  7.8401  8.18174812706232 
1.96495577749722  0  0.254973741109899  7.8401  7.85057007609083 
1.46175042693627  0  0.179348379856787  7.8401  7.90038512044697 
1.43408139289832  0  0.158344922538464  7.8401  8.11532902926193 
1.29778598921679  0  0.110632206058212  7.8401  8.07762892508236 
2.04233183802552  0  0.35206819487312  7.8401  8.55199663057329 
1.61042094366583  0  0.16230724442875  7.8401  7.56716491103447 
1.86219996794148  0  0.2346656679686  7.8401  8.43678367778404 
1.6057668239625  0  0.216739692307699  7.8401  8.14324588247158 
1.68037377515811  0  0.168655875944633  7.8401  8.67232290371948 
1.81380424228177  0  0.26363295844038  7.8401  8.38617450861067 
1.64390844902409  0  0.150398204667005  7.8401  8.24766918323528 
1.67284290549459  0  0.247318781216845  7.8401  8.40803703654153 
1.83527295860042  0  0.232795995911385  7.8401  8.59071988484102 
1.69513410373955  0  0.298958104856329  7.8401  8.16154358479453 
1.84402984707977  0  0.232013348527315  7.8401  7.75787192927025 
1.61603857676826  0  0.187817277539429  7.8401  8.08245386090325 
1.33270832666945  0  0.102851718404989  7.8401  8.39612018546857 
1.93616594642708  0  0.309463437187639  7.8401  8.36333905020185 
2.17053668934256  0  0.256881211012129  7.8401  8.25211119045466 
1.93782187286624  0  0.224926158561402  7.8401  8.45207111961007 
1.93910549514946  0  0.218551690945569  7.8401  8.23445260377228 
1.92960164434602  0  0.33076272670524  7.8401  8.49146401843155 
1.5682162233394  0  0.225161063564037  7.8401  8.19964199818595 
1.6421114167172  0  0.163728454568728  7.8401  8.05679627269311 
2.1280718209305  0  0.530699070324744  7.8401  8.17880716779496 
1.52958546723145  0  0.151825317032701  7.8401  7.97688498238092 
1.81346168722946  0  0.232441899965374  7.8401  8.19500096386352 
1.53219856439347  0  0.242327906782311  7.8401  7.97062552225128 
1.80332206034482  0  0.219042331464753  7.8401  8.11957737935973 
1.6477992461343  0  0.211113910822914  7.8401  8.61022982502644 
1.6640381211791  0  0.189199826482467  7.8401  8.10949446362488 
1.61969583324168  0  0.143580016636715  7.8401  7.88819064822143 
1.28522690323571  0  0.118302712568908  7.8401  8.00543460231036 
1.72559736047929  0  0.208429112245423  7.8401  8.34995754029149 
1.61547611965424  0  0.186567594197188  7.8401  7.90281304301015 
1.80003457309923  0  0.212588526348497  7.8401  8.21619618932067 
1.84252422917085  0  0.248977685013767  7.8401  8.19526881868453 
1.72136317120683  0  0.22106378220181  7.8401  8.32415788867995 
1.68260036865283  0  0.185639040051158  7.8401  8.38154452414821 
2.28956736163256  1  0.372773728804852  7.8401  8.33756749834947 
1.49862629833423  0  0.232821477068347  7.8401  8.24731578953708 
1.83970132985318  0  0.329762276510806  7.8401  8.20184495456012 
2.54378080505844  1  0.608714034134314  7.8401  8.87527548869731 
1.7810912541177  0  0.279957821426694  7.8401  8.25852846156838 
1.93034742551351  0  0.253219757963422  7.8401  8.53117297793414 
1.51541201403894  0  0.199085372516745  7.8401  8.07605485888856 
1.85233534749835  0  0.243180986987574  7.8401  8.04064391911185 
1.77781060668108  0  0.211585262610859  7.8401  8.35617762023279 
1.80857219161759  0  0.219841157600535  7.8401  7.98278691294796 
1.95865825992732  0  0.302592617665408  7.8401  8.67174460216941 
1.96092160041624  0  0.203859746774207  7.8401  8.54702084826203 
1.57589459410211  0  0.177271924519548  7.8401  8.39475312351749 
2.06449219771925  0  0.2784959646028  7.8401  8.5257285791257 
1.95423577779751  0  0.346864255634753  7.8401  7.89945149217841 
1.67121199686635  0  0.176747782468138  7.8401  8.25315452372387 
2.31439813679837  1  0.376582513345488  7.8401  8.37804495391887 
1.28119116238617  0  0.108816407240437  7.8401  8.17606301229107 
1.84347422991401  0  0.23018682275175  7.8401  8.38837898809009 
1.64176095203071  0  0.18255590278928  7.8401  7.9283595779419 
2.04663450397478  0  0.208900158436763  7.8401  8.20075541425392 
2.01938509929456  0  0.290357722815735  7.8401  8.77611995068282 
1.6522822871982  0  0.215186718577541  7.8401  8.10107342539801 
1.67146376334646  0  0.16850970048886  7.8401  8.2600617798553 
1.59109673823107  0  0.219984720794984  7.8401  8.1480487779085 
1.78275056303684  0  0.173431686897759  7.8401  8.12004740358253 
2.05357355171171  0  0.262030382494083  7.8401  8.19474786391493 
1.977510568981  0  0.272567587692147  7.8401  8.27186730983255 
2.01359200345853  0  0.20990920534309  7.8401  8.50698089371194 
1.95545044050508  0  0.2198526636829  7.8401  8.41635798879229 
1.81190822644928  0  0.236961160268314  7.8401  8.26661320005252 
1.49397206757144  0  0.171326786002618  7.8401  8.27873442220489 
1.94498518352045  0  0.28586908483868  7.8401  8.36987686230677 
2.31841024123265  1  0.503749393992709  7.8401  8.37958638404998 
1.75255480652861  0  0.149091664916732  7.8401  8.09888248829431 
1.82979559727812  0  0.26873403629494  7.8401  8.39284513347954 
2.07153049874353  0  0.298730293915394  7.8401  8.50789159275784 
1.89888403956298  0  0.258186421132965  7.8401  8.18991378011716 
1.5013722699887  0  0.172342201461184  7.8401  7.96932116895906 
1.47550662487147  0  0.215562605349459  7.8401  8.26062284572147 
1.51797427716383  0  0.151858236030512  7.8401  8.30731543798362 
1.91520920915737  0  0.273240406261702  7.8401  8.48794433312619 
1.47526566349544  0  0.141838021429898  7.8401  8.17656614810517 
1.25063688838482  0  0.118697436219031  7.8401  8.22115411917145 
1.86312293465372  0  0.28250659367802  7.8401  8.1632940072503 
2.06751233890765  0  0.31572341705823  7.8401  8.07684043313972 
1.6420535858687  0  0.15742470819686  7.8401  8.4442840681723 
1.47609641098219  0  0.137713250277691  7.8401  8.18375469559722 
1.20216346888614  0  0.0950778921642628  7.8401  7.96121476891918 
1.59612010076195  0  0.150878421222267  7.8401  8.09963082373432 
1.59264372968489  0  0.151398175503016  7.8401  7.87583383587124 
1.73461123702598  0  0.231820433143307  7.8401  8.25167691693787 
1.80445254653612  0  0.20487736348089  7.8401  8.64657481781126 
2.25929204097002  0  0.310044734438251  7.8401  8.84714633696458 
1.78072292612128  0  0.154242576377203  7.8401  8.73753025691846 
2.01578843690686  0  0.287192166170149  7.8401  8.37056717838844 
1.92215358067886  0  0.249327025557154  7.8401  8.26072661275011 
1.75095592572094  0  0.241701336680031  7.8401  8.44292566954215 
2.26770718879887  0  0.273811908188179  7.8401  8.19824862022845 
2.01289760122722  0  0.235640982417982  7.8401  8.20456822011545 
1.66049511971097  0  0.183162537401558  7.8401  8.52586740141398 
1.53527700477606  0  0.268074076614949  7.8401  8.04196779648106 
1.80492594575521  0  0.266935217675765  7.8401  8.30631667989001 
1.61714002047019  0  0.151970508447996  7.8401  8.94279439268134 
2.08828882599288  0  0.284072002013561  7.8401  8.51287997499085 
1.57663727279097  0  0.178080085418186  7.8401  8.37797946406752 
1.49841795491061  0  0.148396466301276  7.8401  8.02379991215833 
1.75805413473445  0  0.288254913230755  7.8401  8.04450109247815 
1.49771850789129  0  0.129299978570389  7.8401  8.11366582178438 
1.82143837138104  0  0.232022747726021  7.8401  8.2694303155319 
1.87554613223764  0  0.256251948881588  7.8401  8.06539962437236 
1.51915208915129  0  0.179471471301279  7.8401  8.13298128199014 
1.69942183136963  0  0.185203494185398  7.8401  8.0537866408308 
2.04594772639186  0  0.326999068187041  7.8401  8.26514499424872 
1.48682769158937  0  0.193796855501353  7.8401  8.14826832951729 
1.34958695486027  0  0.116788563185627  7.8401  8.04710883676218 
2.22265291708776  0  0.391383118782085  7.8401  8.46084077444885 
1.53920393785927  0  0.183176669057248  7.8401  8.16520394206625 
1.35275991864796  0  0.167637032410568  7.8401  7.97879611480891 
1.83295715239945  0  0.248782264497132  7.8401  8.37843615969732 
1.68559950633221  0  0.205063648106092  7.8401  8.30107067671728 
1.60486582137726  0  0.289326192578511  7.8401  8.1542245934117 
1.46901096757838  0  0.136738893975919  7.8401  8.35559605240192 
1.41910848553612  0  0.188459682094973  7.8401  8.21500910122825 
1.64921937871982  0  0.203720091424897  7.8401  8.51188161078371 
1.88470491977815  0  0.203289426442273  7.8401  8.33061779206093 
1.77785070246535  0  0.189229230654157  7.8401  8.01178444231396 
1.78470884172677  0  0.289168240077381  7.8401  8.11592965286967 
1.45372228171071  0  0.149757259569149  7.8401  8.11657318781787 
1.92011225293989  0  0.285991848921737  7.8401  7.99075621762428 
1.79974371510253  0  0.269311636951195  7.8401  8.42937935979686 
1.82499699590215  0  0.194056489067069  7.8401  8.10402415569403 
1.39284477466125  0  0.112686804974771  7.8401  8.10538010188819 
1.56558469399422  0  0.158477654994307  7.8401  7.9459304227736 
1.77459494666466  0  0.227614783315477  7.8401  8.43646550739979 
1.89769662799774  0  0.233796180262892  7.8401  8.34977696582379 
1.40455104697923  0  0.124096596948992  7.8401  8.0036301478204 
1.89372168760173  0  0.301012025447548  7.8401  8.55659497091357 
1.32828715335687  0  0.107946025005918  7.8401  7.9452599882567 
1.55498710267001  0  0.157725945494705  7.8401  8.39273156287497 
1.48081041642484  0  0.136318257913622  7.8401  8.29885672505011 
2.7754977731467  1  0.615888127989122  7.8401  8.77304542684686 
1.80952305965143  0  0.165179609105061  7.8401  8.10316168719166 
2.06342511992134  0  0.553497906775052  7.8401  8.71058023766205 
1.76660128777115  0  0.229068588684414  7.8401  8.33159121054234 
1.84411416178802  0  0.241340532947453  7.8401  8.29491665152804 
2.17470677774923  0  0.313948028869045  7.8401  8.45853459238744 
1.83446132681027  0  0.225707089368827  7.8401  8.64827103589089 
1.69170758524349  0  0.196830437025367  7.8401  8.20025180367457 
1.58569023730127  0  0.178856440838396  7.8401  7.9459135589685 
1.18482837896928  0  0.0978943116601267  7.8401  7.90935790356445 
1.24321159365741  0  0.0804845814917515  7.8401  8.10807888598087 
1.61366181925934  0  0.135359287683274  7.8401  8.06448445243023 
1.71880618583295  0  0.224232347014147  7.8401  8.46243213189009 
2.51803251814987  0  0.426874172187853  7.8401  8.42820778274161 
1.5134032212246  0  0.168930221117016  7.8401  7.90796295643442 
1.94862604304583  0  0.273687181294943  7.8401  8.06727400254433 
2.05602512985366  0  0.279068176607644  7.8401  8.15897206233246 
2.2079631085287  0  0.307719880037825  7.8401  8.55166592425546 
2.08197752859343  0  0.306476726503596  7.8401  8.86514353789941 
1.45518065590208  0  0.215563248528475  7.8401  8.24324535236846 
1.89165942831256  0  0.286541945992389  7.8401  8.81374217649557 
1.69654392845311  0  0.309610139201668  7.8401  8.0691071329101 
2.08541219850231  0  0.281875454483799  7.8401  8.25780334523842 
1.79196712722631  0  0.166810383733093  7.8401  8.14336472101888 
1.48891372868738  0  0.15626706975361  7.8401  8.17964171594089 
1.88251557335825  0  0.212770881174338  7.8401  8.21347490529493 
1.65043043257793  0  0.181753162067438  7.8401  8.07106194157858 
1.66989514443389  0  0.156556869153906  7.8401  8.24593438438282 
1.74298171046366  0  0.221218046389901  7.8401  8.5737859074282 
2.00128273569153  0  0.239754873651666  7.8401  8.59002004097542 
2.073314411363  0  0.252911607015218  7.8401  8.31191856839863 
1.8761306339354  0  0.317889146407616  7.8401  8.14647714422573 
1.73724364072387  0  0.235757616644368  7.8401  8.39570408126237 
2.31192841732433  0  0.36780747730694  7.8401  8.09695216444432 
1.80601275757064  0  0.217156686606765  7.8401  7.82480212394527 
1.68233532612313  0  0.158328078800133  7.8401  8.20243259054594 
2.02935660443315  1  0.309191669299561  7.8401  8.27455651867167 
1.86702595007534  0  0.208216809886769  7.8401  8.05987796532792 
1.99842065745167  0  0.329235262552671  7.8401  8.35320210722991 
1.66329024296145  0  0.265121699395216  7.8401  8.30088926531753 
1.91857903944956  0  0.239760828516179  7.8401  8.50767824861307 
1.31817713659156  0  0.125946679553585  7.8401  7.9924203649918 
1.27483630629261  0  0.131561802065776  7.8401  8.26803720121172 
1.53670075593544  0  0.171111531070813  7.8401  8.28367790762096 
1.8989138776066  0  0.203029252956249  7.8401  8.43506657048515 
1.82968607988762  0  0.303525606022968  7.8401  8.35607210418782 
1.90693268057348  0  0.220647780472238  7.8401  8.23756607674141 
1.58294779318124  0  0.164747780578762  7.8401  7.82574852387533 
1.62183536356238  0  0.174290989385085  7.8401  8.04852895505587 
1.5987762008883  0  0.17336073124347  7.8401  7.98859282066763 
1.84453797486002  0  0.258825686571029  7.8401  8.03877854543481 
2.07900511972774  0  0.393892257072978  7.8401  8.37135567232659 
2.09228022203078  0  0.240892240707259  7.8401  8.10591524442767 
1.36291184078656  0  0.102398249988751  7.8401  7.84435497147053 
1.32219599279465  0  0.121481958379832  7.8401  8.11595029938737 
1.81519481298439  0  0.210714415828427  7.8401  8.15065957985651 
1.47568286135788  0  0.160947102160315  7.8401  8.42391820782007 
1.54172964020046  0  0.188226928404007  7.8401  8.59243482058221 
2.87350872224268  1  0.45075976432046  7.8401  8.96370447450673 
1.68023815584954  0  0.200518896535895  7.8401  7.92526526853452 
2.30888134031658  0  0.361015528953484  7.8401  8.37336330441187 
1.16194502132949  0  0.131361733335731  7.8401  8.17180360822582 
1.54825923275501  0  0.14012790231359  7.8401  8.15152588411469 
2.0882397864813  0  0.343261135094605  7.8401  8.31976307314111 
1.561987608139  0  0.168530923042985  7.8401  8.23813611059689 
1.74926707045055  0  0.209156908007437  7.8401  7.98512620123395 
1.48807340286072  0  0.174860787190534  7.8401  7.92370652122217 
1.53478007887967  0  0.132384963421569  7.8401  7.85045688234956 
1.75518720387918  0  0.245393673904046  7.8401  8.05676078908632 
1.41228541869049  0  0.227395398102069  7.8401  7.91411461321929 
1.43292853513493  0  0.144461982612999  7.8401  8.15742445984432 
1.96824698073038  0  0.262217289318849  7.8401  8.26696297607821 
1.47013692001863  0  0.14016505414271  7.8401  8.20374283698681 
1.98188372925036  0  0.213999831666151  7.8401  8.13728910358879 
1.34029687502153  0  0.191335094124557  7.8401  8.1815365515222 
1.97018956038182  0  0.263847924026307  7.8401  8.40921243378414 
1.36162663460334  0  0.0948361689049155  7.8401  8.11341410569633 
1.648165528196  0  0.188276246030654  7.8401  8.37036128961449 
1.8200709971034  0  0.17358449478673  7.8401  8.24904054296958 
1.62822240842986  0  0.156525569875662  7.8401  7.99217392106846 
1.97621585755225  0  0.288787366669469  7.8401  8.15759113640676 
1.79672265764345  0  0.218588676136575  7.8401  8.23898693098556 
1.6439378364759  0  0.166366133098231  7.8401  8.00698620464847 
1.3795912913914  0  0.15880582699711  7.8401  8.04302579160218 
2.4672959247452  0  0.360888874848891  7.8401  8.59516584631885 
1.88157290949648  0  0.21794002265383  7.8401  7.97543366051457 
1.66307039456603  0  0.1812606363359  7.8401  8.49540373229311 
1.77906492866191  0  0.218621507147166  7.8401  7.82613246648504 
1.84728133935956  0  0.324999548755909  7.8401  8.12902651880066 
2.29715631611101  0  0.296568115765224  7.8401  8.11654157385277 
1.3648963113812  0  0.165292430569316  7.8401  8.01072499504251 
1.76710695677595  0  0.174053242927959  7.8401  8.22418997039542 
1.80490642616441  0  0.173099607912152  7.8401  8.63054041681992 
1.73864732564174  0  0.271462300117785  7.8401  8.32614007370673 
2.00292407103172  0  0.294834706180978  7.8401  8.11710764028745 
1.94699199429633  0  0.219153586679106  7.8401  8.5162463362139 
2.01257976137175  0  0.357283116249188  7.8401  8.18578657194041 
1.65173426316293  0  0.19445342540983  7.8401  8.40187483229727 
1.40898088453888  0  0.152389436975281  7.8401  8.03659126841247 
1.99296008310109  0  0.323293603666244  7.8401  8.41925787268856 
2.41466348270229  0  0.358537047275619  7.8401  8.79193821258359 
1.87299992645164  0  0.196908581179552  7.8401  7.97748966386313 
1.84090967941317  0  0.2075399050156  7.8401  8.35830685566815 
1.44762159909643  0  0.221104400627828  7.8401  8.3024289313418 
1.47057252735769  0  0.230412064172873  7.8401  7.89357207892256 
1.66712194155388  0  0.187974194681724  7.8401  8.53889452744014 
1.61666371922192  0  0.180008231317932  7.8401  8.27959632126843 
1.59439924155351  0  0.223692364644129  7.8401  8.39295113984788 
1.76233440523877  0  0.314681697110674  7.8401  8.1873406726232 
2.04151275976983  0  0.336620785708953  7.8401  8.27277125269066 
2.0374997774194  0  0.260265519780187  7.8401  8.27017391664613 
1.46328371954706  0  0.169313087657098  7.8401  8.13831928182144 
1.60949533670364  0  0.172281986421945  7.8401  8.13744391477272 
1.56254141596898  0  0.197151066514341  7.8401  8.23944918303305 
1.70039869500623  0  0.220712489780618  7.8401  8.43641528584992 
1.85672971767207  0  0.346785301349502  7.8401  8.3546272637406 
1.86846616248679  0  0.203561031432902  7.8401  8.67917274136866 
1.71880136731739  0  0.215259443276603  7.8401  8.0516473646032 
1.4631824949768  0  0.193980001539462  7.8401  7.80209707570915 
1.2399009561623  0  0.136603765869769  7.8401  8.04529403329443 
1.55790389602735  0  0.158128981625175  7.8401  8.21383238196702 
1.64787343009023  0  0.159870189531458  7.8401  7.94076748348622 
1.12358781843933  0  0.107394262799427  7.8401  7.96731251108788 
2.02831262168622  1  0.287770691915744  7.8401  8.29400412556253 
1.54396846899376  0  0.175671161590999  7.8401  7.80973280049704 
1.79549583133346  0  0.191738908216764  7.8401  8.19371946493332 
1.57817795479238  0  0.192018574514699  7.8401  8.09425362157261 
1.75192627201976  0  0.26328588593065  7.8401  8.40643685092562 
1.61198120548588  0  0.175613262779459  7.8401  7.67398419151577 
1.67993908128424  0  0.190806767461075  7.8401  8.19161645395564 
1.40301787393463  0  0.189766274320929  7.8401  8.11130501139193 
1.50476195776385  0  0.148006934717706  7.8401  8.53935397951293 
1.67102318277379  0  0.184576367191098  7.8401  8.03601061905499 
1.59321203723934  0  0.166297821322617  7.8401  8.28596240392385 
2.13335892440956  0  0.270863447463491  7.8401  8.4293422898032 
1.6264884626834  0  0.158104889379412  7.8401  8.2798672548065 
1.69887578825076  0  0.213933135943799  7.8401  7.96312301269174 
1.72308627269988  0  0.184579762537301  7.8401  8.08655537327087 
1.40600104278282  0  0.118867173553159  7.8401  8.15614998766087 
1.56925599250531  0  0.130312326544792  7.8401  7.63198327832842 
1.97917743839586  0  0.269323894592951  7.8401  8.40581850951492 
2.03122199029805  0  0.228099136874556  7.8401  8.38582191093859 
1.43985682994781  0  0.134870158235636  7.8401  7.9990409365525 
1.5831921193525  0  0.237905489973301  7.8401  8.58282263004362 
1.53704579994042  0  0.200039944450658  7.8401  7.88101436402872 
1.43728682571341  0  0.153596955792892  7.8401  8.04733305986122 
1.71795212821279  0  0.252240855205901  7.8401  8.41847178198823 
1.90921317818367  0  0.216602291377358  7.8401  8.47642718315816 
2.61324288933252  2  0.444777979392261  7.8401  8.34776779704007 
2.57200572868341  1  0.413374699569562  7.8401  8.16328245848415 
1.90225625906445  0  0.256080891440119  7.8401  8.26451288335823 
1.60114343392432  0  0.167327151087449  7.8401  7.76719750186887 
1.76979408917033  0  0.245749761209857  7.8401  8.90010964203506 
2.35033117246505  0  0.344724424225455  7.8401  8.17237738091699 
1.76658302244865  0  0.156186405613649  7.8401  8.12309962964157 
1.91928188963796  0  0.36011722371981  7.8401  8.14049195836905 
1.57694039676445  0  0.169574111453075  7.8401  7.91617995933289 
1.34338718691057  0  0.144872993783025  7.8401  8.01303588137544 
1.7023460891176  0  0.294147417277094  7.8401  8.00388534488953 
1.26203566603154  0  0.108968076522366  7.8401  7.97300877475687 
1.42405254340389  1  0.101357904388265  7.8401  8.20310182702868 
1.30070841497703  0  0.12041273967493  7.8401  7.94775597719592 
1.67345234746611  0  0.172302628809542  7.8401  8.31553418909988 
1.04835203822529  0  0.0716318710901805  7.8401  8.30902185505502 
1.90216350114024  0  0.243421473696644  7.8401  8.5127232767882 
1.69805352463854  0  0.200421890669685  7.8401  8.09495961892406 
2.21018790506208  0  0.307937115233048  7.8401  8.24284679625945 
1.78142082155761  0  0.215025612755454  7.8401  8.26199940811814 
1.49079721355425  0  0.146968777146337  7.8401  7.99608224544139 
1.52341111696175  0  0.187881085114437  7.8401  8.20248651485842 
2.62410696534671  1  0.508045067188584  7.8401  8.48649475677834 
1.94951560633148  0  0.25141749225294  7.8401  8.26328015059286 
1.3877734059491  0  0.118232744263576  7.8401  7.91462688515978 
1.62275347528102  0  0.163279571523702  7.8401  8.19520607512548 
2.07165058655226  0  0.253020270581212  7.8401  8.20191715552418 
1.43364233205358  0  0.14558612098669  7.8401  8.09182877725626 
1.388840211034  0  0.120235114404669  7.8401  8.13819322840009 
2.03962942508532  0  0.337523150547796  7.8401  8.36301575385089 
1.71868759582979  0  0.177674676653652  7.8401  7.79386977276183 
1.79335651155014  0  0.241614348438295  7.8401  8.24016520832661 
1.89983334478454  0  0.308636499771501  7.8401  8.16502912250563 
1.61606544063796  1  0.162357500368003  7.8401  8.18595681351789 
1.56794309894877  0  0.175021651997564  7.8401  8.22634623011277 
1.19492670148434  0  0.0939753993282068  7.8401  8.38807998144371 
2.00893791066079  0  0.447031471656458  7.8401  8.72487430823397 
1.97963393841599  0  0.277232172350519  7.8401  8.10958060845339 
1.95523881161372  0  0.268479983193463  7.8401  8.38717043133143 
1.40527897250486  0  0.155449084650269  7.8401  8.08766882628086 
1.93021589773025  0  0.247685932763613  7.8401  8.30879839853149 
1.72609565941822  0  0.266568910932364  7.8401  8.1771511684587 
1.51570317724422  0  0.187586207229164  7.8401  8.30599965024815 
1.40286120537613  0  0.11967774088942  7.8401  7.65411491331156 
1.83099802610148  0  0.278317113922533  7.8401  8.11880020127548 
1.63867317756257  0  0.15446292728274  7.8401  8.01601363646781 
1.44235579715658  0  0.146437629783139  7.8401  8.0987545295639 
1.98271875471963  0  0.372159058336607  7.8401  8.14659578203876 
1.90561259895043  0  0.264121983575202  7.8401  8.23306354681452 
1.58986374087867  0  0.17455480787589  7.8401  8.27486106644387 
1.88940748900284  0  0.260442172000999  7.8401  8.32457156430744 
2.13477540666399  0  0.243004438400061  7.8401  8.32190385454202 
1.66562342236345  0  0.228684684162074  7.8401  7.86339383721968 
1.82591105738634  0  0.193126917613836  7.8401  8.23849534248827 
1.54103732719021  0  0.173967786000596  7.8401  8.06268247168245 
1.47486214843688  0  0.1457512588741  7.8401  8.15736610134488 
1.08312239425384  0  0.073904726329672  7.8401  8.29202126534893 
1.65402034810334  0  0.181829606130132  7.8401  8.48712788669197 
1.64515027313188  0  0.125018283406832  7.8401  8.17719503576003 
1.2486774105719  0  0.0989585445663195  7.8401  8.00452668313036 
1.78320423260801  0  0.322232755002204  7.8401  8.41614821113454 
1.47759042001714  0  0.197422220956784  7.8401  7.95865844432816 
1.4779968925468  0  0.129681582370185  7.8401  8.29203171027205 
1.44914962820768  0  0.16279430716208  7.8401  8.0941060576939 
1.51012939788608  0  0.155564618919973  7.8401  8.39533688217187 
1.56654298515467  0  0.231293310955441  7.8401  8.24620180549942 
1.48855595989571  0  0.161979101513012  7.8401  8.27431039840665 
1.896953783013  0  0.21262829675978  7.8401  8.24930105653729 
1.58550773739527  0  0.169204773377888  7.8401  8.49727143236152 
1.86909321944043  0  0.172286105656728  7.8401  8.5002490889124 
1.61871762696912  0  0.153051857446874  7.8401  8.15721370143102 
1.00085629044363  0  0.0788365715722749  7.8401  8.0803449041386 
1.76689365552145  0  0.189816375453793  7.8401  7.9766215704694 
2.04603540407283  0  0.239363216038164  7.8401  8.11936588095542 
1.5766893693291  0  0.212914564827092  7.8401  8.06345506101777 
1.5439061520918  0  0.170894710807205  7.8401  8.05566432538224 
1.47739672661666  0  0.150379417316163  7.8401  8.30030839340572 
1.95079870950156  0  0.315752759034919  7.8401  8.35603749127027 
1.57616558486132  0  0.203137135112373  7.8401  8.17111758873388 
1.12787482587195  0  0.0889849289589744  7.8401  8.04513037118434 
1.95024204988899  0  0.243224341714182  7.8401  8.07353105503029 
1.84196235789264  0  0.212185899104378  7.8401  8.38081186607872 
1.68006048579981  0  0.276377050614292  7.8401  8.4979282846939 
2.04656576047976  0  0.33215220982235  7.8401  8.22208815187913 
1.83307048471845  0  0.232356217866862  7.8401  8.19237794808876 
2.01706761422187  0  0.232743913232033  7.8401  8.16414068314523 
1.31616537531585  0  0.219769159930622  7.8401  8.49284752816949 
1.79677586543682  0  0.252396936542808  7.8401  8.21404535333193 
1.87051229158132  0  0.327159009613316  7.8401  8.32639248119706 
1.87511192822049  0  0.303446181965017  7.8401  8.36547019506639 
1.77866023449451  0  0.15866606515567  7.8401  7.93179999564288 
1.71141671903045  1  0.16303691630381  7.8401  8.41992347390298 
1.24094970836662  0  0.0983841177968394  7.8401  8.11207999310085 
1.74904376420222  0  0.251889984253026  7.8401  8.12779744281583 
1.41464041888644  0  0.159479291528793  7.8401  8.12254455016132 
1.58924330131849  0  0.143122999757344  7.8401  8.42069425762813 
1.63368651766221  0  0.177930259196629  7.8401  8.31179562582606 
1.67406206402264  0  0.181270026398521  7.8401  8.05867564128781 
1.61321716893276  0  0.223447194659632  7.8401  8.14925040045556 
1.82307587477963  0  0.204201820705909  7.8401  8.18509949796656 
1.48957187717691  0  0.120767903813897  7.8401  7.84632217901983 
1.85641273347064  0  0.230769346359331  7.8401  8.72773197742196 
1.7754937061422  0  0.228494248266993  7.8401  8.71641280302758 
2.03125859209131  0  0.238856178099789  7.8401  8.27927771636998 
2.02650727123334  1  0.293472310431907  7.8401  8.16165008766574 
1.33650423770272  0  0.136201448562908  7.8401  7.93365830065734 
1.7689070033508  0  0.324375567674056  7.8401  7.98374625682655 
1.55920504985537  0  0.133154055585779  7.8401  8.26302909058377 
1.45726915761938  0  0.133418911554741  7.8401  8.00640909888476 
2.37078691285554  0  0.528033367894814  7.8401  8.28926739820657 
1.66846403573779  0  0.188326144010523  7.8401  8.2089143191615 
1.77047639437806  0  0.215864669089082  7.8401  8.01458754977414 
1.64946239251943  0  0.235886920803048  7.8401  8.38769044677286 
2.32125784627241  0  0.302653029611186  7.8401  8.57772698070547 
1.7762383962305  0  0.237387549051488  7.8401  8.24333186267861 
2.04922400874169  0  0.286709644425081  7.8401  8.98126933798233 
2.24317322149981  0  0.262698825870015  7.8401  8.35268784102476 
1.45109314470888  0  0.141543024988097  7.8401  8.48091084167027 
1.5756589795351  0  0.202257005650789  7.8401  7.860297526825 
1.47445146666664  0  0.195574245561517  7.8401  8.26188410664766 
1.47023963020584  0  0.158444604561183  7.8401  7.78268610163907 
1.67234145677956  0  0.207743790145598  7.8401  8.20122504346084 
2.30747141759806  1  0.402195940301264  7.8401  8.39445578807614 
1.31466733687917  0  0.123265652881151  7.8401  7.96662695166792 
1.61860733988885  0  0.197921005674472  7.8401  7.98891096292761 
1.83762349725  0  0.303656741492019  7.8401  8.43289237901889 
1.70493864185152  0  0.173230999326709  7.8401  8.48197912062446 
1.58660173804019  0  0.142604453204661  7.8401  8.41727389003094 
1.87643556848554  0  0.19951811735129  7.8401  8.53320985361457 
2.33832134327075  0  0.399088699197161  7.8401  8.24605618824972 
1.74901370032116  0  0.212979043302709  7.8401  8.10897694457826 
2.00051675825167  0  0.313452263239815  7.8401  8.2429949668066 
2.03992737224359  0  0.260492776669732  7.8401  8.85529617912711 
1.71483077467258  0  0.201888414353505  7.8401  8.39385397025579 
1.70787755232494  0  0.207540254121412  7.8401  8.02560515941428 
1.61158732262909  0  0.241989654029568  7.8401  8.1836322950385 
1.98399766464072  0  0.260492948846564  7.8401  8.40307679485756 
1.72611503052156  0  0.198266267086545  7.8401  8.33821099977186 
1.68341642418547  0  0.248776547513826  7.8401  7.96985388906583 
1.43075149909292  0  0.149049008471248  7.8401  8.19866646889991 
1.88173284407595  0  0.178145783722543  7.8401  8.07570188874412 
1.85737169895578  0  0.313221403582125  7.8401  8.05557453755144 
1.77460058066404  0  0.164799367458556  7.8401  8.106433172188 
1.5919731084192  0  0.160236045653169  7.8401  8.14115853054142 
2.30994021628862  1  0.405355995512163  7.8401  7.99471798746808 
1.7153002538567  0  0.195802420235285  7.8401  8.32328377845749 
1.41244097623354  0  0.119742833690196  7.8401  8.34640144498635 
1.15671506313016  0  0.124036257046409  7.8401  7.81958302108643 
1.95040281886482  0  0.262957335945018  7.8401  8.50242318235087 
1.76975897967431  0  0.23253806507466  7.8401  8.20209389514939 
2.03612499572966  0  0.381665100066673  7.8401  8.36818504075216 
2.40050577692266  0  0.415757938314344  7.8401  8.6687193745679 
1.7153006323092  0  0.165478694481722  7.8401  8.37646460173941 
1.52207546942232  0  0.144030140957157  7.8401  8.59891239798668 
1.476091206662  0  0.202217603769865  7.8401  8.22310059255854 
2.01509283185525  0  0.287682313510134  7.8401  8.23872246864846 
1.67493218015245  0  0.167564711110051  7.8401  8.06465401548631 
1.48677525535871  0  0.144104988921181  7.8401  8.49951988541045 
1.72793346794174  0  0.221193607060779  7.8401  8.06755360146182 
1.47705448428962  0  0.164711601907876  7.8401  8.48178977108467 
1.85087886666376  0  0.34119824366318  7.8401  8.31228252333453 
1.62204648090875  0  0.12190485278427  7.8401  8.04714844055411 
1.97565527280777  0  0.282958668148901  7.8401  8.71411151270392 
1.23664356582488  0  0.100206902494065  7.8401  8.20096601401927 
1.70063990052483  0  0.142073311885181  7.8401  8.05600305934766 
1.58444301236015  0  0.144070548799125  7.8401  8.21265203631116 
1.73078566739606  0  0.193603933156342  7.8401  7.77774748139558 
1.7815303481578  0  0.188789444459823  7.8401  8.48190665303533 
1.81414586294627  0  0.288484545306559  7.8401  8.53592707517102 
1.73591127692002  0  0.218588726519509  7.8401  8.10172049521764 
1.93891211055018  0  0.3534375050511  7.8401  8.25230232497824 
1.41315739777964  0  0.12658332452925  7.8401  8.38950699540641 
1.91629703028845  0  0.270146300357796  7.8401  8.11019691728412 
2.23465568889946  0  0.32988573581245  7.8401  8.42119548167458 
1.66759655670964  0  0.201523508829608  7.8401  8.45589596547335 
1.76480575135656  0  0.241900804855247  7.8401  8.18489050894005 
1.61628197255901  0  0.222833604288029  7.8401  7.8105573505293 
1.95885001508368  0  0.322542941481567  7.8401  8.28112447036076 
1.76248765000595  0  0.245443764959341  7.8401  8.14802821038974 
1.85691857708715  0  0.210309356703903  7.8401  8.36028929002119 
1.95775517004599  0  0.21864536059892  7.8401  8.83266521421563 
2.08903261407381  0  0.323263940249853  7.8401  8.33993758497123 
1.5381549150726  0  0.185114059862966  7.8401  7.92097826725741 
1.47736764049236  0  0.136581110781126  7.8401  8.37834970097987 
1.87426762064795  0  0.258376642089797  7.8401  8.43309524399594 
1.8087566040845  0  0.207156956889494  7.8401  8.36918073852372 
1.9325914926887  0  0.270103492198014  7.8401  8.67062634363403 
2.22080057865604  1  0.427348123225252  7.8401  8.14222570403728 
1.43478163200805  0  0.157039713988416  7.8401  8.0709364724775 
1.65682520698893  0  0.220931494817279  7.8401  7.97338260123166 
1.61246864644728  0  0.194550985172338  7.8401  8.38131708705947 
1.83690012434616  0  0.211495202801687  7.8401  8.57260918222515 
1.7119685972757  0  0.223598724599994  7.8401  8.2564041172052 
1.84904638525459  0  0.246666464776084  7.8401  8.38923368478018 
1.92474183750139  0  0.229833491138204  7.8401  8.54118249867097 
1.74245948267618  0  0.183268543030644  7.8401  7.99337656324387 
1.38241283696074  0  0.200783824696836  7.8401  8.55412923784537 
2.02333072626736  0  0.283773127753795  7.8401  8.30905576255817 
2.09269103022343  0  0.267270943560554  7.8401  8.61160802336258 
1.30382846336344  0  0.131995436932039  7.8401  8.32812902672744 
1.38597003866276  0  0.129660413799988  7.8401  8.08209004019269 
1.85636492474416  0  0.277343158976112  7.8401  8.14921282772631 
2.1483848750831  0  0.380479642735593  7.8401  8.81209953846972 
2.48895212321268  1  0.392735023616388  7.8401  8.4304882812125 
1.4818075502102  0  0.209398243319275  7.8401  8.11592000219087 
1.53051707979053  0  0.120382016408313  7.8401  8.11149663115619 
2.74374470869997  1  0.436257525786626  7.8401  8.48902686474696 
1.76508934120973  0  0.235242618902533  7.8401  8.46537674142638 
2.07175864076289  0  0.285601514068837  7.8401  8.25148200331175 
1.94681288298725  0  0.226430627794036  7.8401  8.17330385880286 
1.41940156926127  0  0.127559554335033  7.8401  8.1932325872569 
1.69638760402725  0  0.168996398449689  7.8401  7.93052370894643 
1.39324817820455  0  0.130469624015245  7.8401  7.92828152469082 
1.78139046178126  0  0.213017579692986  7.8401  8.00459356900622 
1.94620897813294  0  0.243599413391033  7.8401  8.10850904558994 
1.87046937520419  0  0.226252771550921  7.8401  8.1684052969042 
1.41706532669937  0  0.108452194496226  7.8401  8.5134938190775 
1.68560417952623  0  0.183140541584585  7.8401  7.88361859889237 
1.56911727233045  0  0.141801078934622  7.8401  8.32204905518591 
1.56690583810626  0  0.1812611860653  7.8401  8.33936590299923 
2.26509573094491  0  0.375918148050482  7.8401  8.18687800630434 
2.06933602438746  0  0.329410648876547  7.8401  8.15756319645855 
1.40254548074132  0  0.130435146664304  7.8401  8.36323453308214 
1.5444129082636  0  0.214640595683403  7.8401  7.87749122896843 
1.4379684448175  0  0.148542668003131  7.8401  8.17652703455838 
1.65324407537702  0  0.18715940960114  7.8401  8.32604135583432 
2.10704353734221  0  0.282761487158249  7.8401  8.52061972845366 
1.65474800892158  0  0.146207916945959  7.8401  8.13624870672995 
1.5650936335029  0  0.191182128464541  7.8401  8.08338211297179 
1.85514575721342  0  0.232260248685066  7.8401  8.91990947548306 
1.5886766541594  0  0.186877547944026  7.8401  7.96825246604147 
2.30638639371685  1  0.310977949858448  7.8401  7.91960857017472 
1.42979146841271  0  0.115316167894874  7.8401  8.1303469051996 
1.47353532662709  0  0.119994220413227  7.8401  8.14451860035286 
1.26907761372371  0  0.126097117130005  7.8401  8.22229161056159 
1.97173121729152  0  0.266857323731475  7.8401  7.94975611171839 
1.43075469713074  0  0.134942514566429  7.8401  8.49572970381712 
1.67761565754623  0  0.141510736923922  7.8401  8.28127565363478 
1.441563655078  0  0.217157212518009  7.8401  7.99733428548229 
1.58050916988714  0  0.184901451547693  7.8401  7.91713292479685 
2.15107637787219  0  0.289723804451304  7.8401  8.57465120442098 
1.93343890539252  0  0.285807704820012  7.8401  8.03368991368135 
1.56184914862584  0  0.192482750219724  7.8401  8.33656985625153 
2.77762096835494  0  0.529842551391573  7.8401  8.25943877641162 
1.71815441226422  0  0.155509657195204  7.8401  8.28124134671519 
1.70418657351003  0  0.16299698453362  7.8401  8.23614358451884 
1.60546114527053  0  0.308502038898733  7.8401  8.15000429923392 
2.21610629266971  0  0.351703728105282  7.8401  8.34350162270334 
1.39449436890695  0  0.115681365074477  7.8401  8.11903485778245 
2.02319274952196  0  0.231848589851551  7.8401  8.31999667060375 
1.74401766523597  0  0.226141039534778  7.8401  8.23846927434779 
2.09397552631072  0  0.401519052745514  7.8401  8.13124887745439 
1.96407130229614  0  0.239229083961265  7.8401  7.85104509919323 
1.7407807322694  0  0.214627298101875  7.8401  8.0097354736258 
1.4459676664584  0  0.191800239546636  7.8401  8.23016280328646 
2.17366587284301  0  0.452134400619231  7.8401  8.28070875119758 
1.50507615304217  0  0.178164705498519  7.8401  8.36910458174002 
1.93527850755343  0  0.273799558564062  7.8401  8.29027240683501 
1.60385453417407  0  0.144954968239565  7.8401  8.27247209466218 
1.72695968321405  0  0.165479509923698  7.8401  8.23982179745702 
2.02847549028226  0  0.227582645464987  7.8401  8.45603848502138 
1.98621107278305  0  0.296460886981183  7.8401  7.85961885067321 
1.63502671896886  0  0.169177501865092  7.8401  8.075167735883 
1.69940762845313  0  0.182683106761733  7.8401  8.30649137343831 
2.03139215766878  0  0.356661133815321  7.8401  8.65190208506719 
1.77373839585368  0  0.190953435605089  7.8401  8.38250784758599 
1.90171440665493  0  0.189465925529893  7.8401  8.14891144934361 
2.10929470437797  0  0.278402305188914  7.8401  8.39521154186021 
2.09720225212859  0  0.211731072585608  7.8401  8.49749908472759 
2.48037711535058  0  0.465689201396582  7.8401  8.69207569499087 
1.54396174638929  0  0.155322749296803  7.8401  8.55258152933248 
2.0920269161072  1  0.294493724555187  7.8401  8.43888928033311 
1.89891836345292  0  0.277204409680064  7.8401  8.5620087779832 
1.60930729463743  0  0.24745999081483  7.8401  7.80499941354247 
1.82316542951683  0  0.203944662880557  7.8401  8.20919264067434 
1.91589783579314  0  0.205117313892999  7.8401  8.45116389117491 
1.83229227099623  0  0.190160099949291  7.8401  8.28220250339511 
1.64403969497046  0  0.313652869463933  7.8401  8.1780643142213 
1.46248791110771  0  0.156931640986983  7.8401  8.18252759254733 
2.00448441535368  0  0.331187336695689  7.8401  8.10532719437068 
1.23078594060256  0  0.12169827014901  7.8401  8.20643934144239 
1.37230110847142  0  0.125783170523434  7.8401  8.10269557720562 
1.85831533777166  0  0.193738985788196  7.8401  8.13294484358144 
2.29904412533122  0  0.440787821323312  7.8401  8.66182182462679 
1.73583301700722  0  0.165936087805914  7.8401  8.27022705664316 
1.74714115353263  0  0.212317473484203  7.8401  8.20264345720842 
1.3235661535388  0  0.106840745947555  7.8401  8.17905916101943 
2.27205763723864  0  0.354363176301156  7.8401  8.54480447367657 
1.4219460259724  0  0.1660364559913  7.8401  8.06380897574871 
2.21119948027894  0  0.298193840975912  7.8401  8.61030881293746 
2.73745210407014  1  0.538960889270889  7.8401  8.38983828113682 
1.43446517545211  0  0.158168424373349  7.8401  8.40018279230613 
1.18533328813544  0  0.14438308677217  7.8401  7.90846342674557 
1.52161658906413  0  0.155165013238119  7.8401  8.24463365903782 
1.86389122099027  0  0.211180291295984  7.8401  8.18487125960658 
1.62412147105272  0  0.220627805459373  7.8401  8.23416105138538 
1.31859430154404  0  0.108544684973132  7.8401  8.20361158183378 
1.95513496929128  0  0.234747414257108  7.8401  8.54431508945679 
1.31461533597651  0  0.120565632946931  7.8401  8.52811082800634 
1.82810714018127  0  0.189992636569224  7.8401  7.62604003175023 
1.6103319310645  0  0.287540583313097  7.8401  8.12031033457452 
1.52686959603422  0  0.270893338799597  7.8401  8.20700097975618 
1.59678313327608  0  0.183834360605111  7.8401  8.01452382253839 
1.88721803611056  0  0.257256221600895  7.8401  8.40785116187458 
2.11633856316873  0  0.346773178966459  7.8401  8.3566683325304 
1.44938731202584  0  0.222287483263097  7.8401  8.19686563186093 
1.58930640491219  0  0.140959909278143  7.8401  8.12592802733911 
1.65719325868801  0  0.139059594463767  7.8401  7.89669647240745 
1.82273312173469  0  0.295111309758368  7.8401  8.16266897365853 
1.69103744942619  0  0.153065655285216  7.8401  7.96533341110349 
1.45151443392901  0  0.170487975562031  7.8401  8.00379195284337 
1.8912270007499  0  0.286459312421376  7.8401  8.21773710972662 
1.61754967546414  0  0.245157498256838  7.8401  8.13490472861383 
1.39412818190071  0  0.179601342775244  7.8401  8.12185111544178 
1.47985290544392  0  0.168841700126693  7.8401  8.37051087874511 
1.70878392843413  0  0.246871316393268  7.8401  8.45926061170162 
2.16397980555771  0  0.401140561488797  7.8401  8.38813925113668 
1.74385138751594  0  0.245437244155463  7.8401  8.28152836519873 
1.46422652722112  0  0.178360058825546  7.8401  8.20026045777211 
1.44891593913768  0  0.148547182475666  7.8401  8.25837805564413 
1.98700548468521  0  0.248283000319967  7.8401  8.39551139459328 
1.68530309018207  0  0.242291598681481  7.8401  8.22068213320403 
1.48071621874652  0  0.179476891998454  7.8401  7.96364705481626 
1.26449594873322  0  0.113066466654816  7.8401  7.82099405270097 
1.72550762139211  0  0.369173628910986  7.8401  8.45260569388964 
1.78832166884476  0  0.202838876702021  7.8401  8.4896196740514 
1.77608447454776  0  0.177810249574299  7.8401  8.07817984255621 
1.95680031046726  0  0.288360479635601  7.8401  8.36685198763767 
1.60607031051622  0  0.159241692929384  7.8401  7.99604144819379 
1.6953366590851  0  0.189797174736015  7.8401  8.07571927126616 
1.6611542235405  0  0.160995054071168  7.8401  8.05880625605877 
2.48908772534974  0  0.430317017419021  7.8401  8.76275729582969 
1.76906992879084  0  0.22087341137106  7.8401  8.06129552583636 
1.84141823573979  0  0.395680915622285  7.8401  8.15485404197942 
2.13796959471412  0  0.269252096947385  7.8401  8.2657737118007 
1.48086476064091  0  0.158920953102881  7.8401  8.05581134423721 
1.88187743499171  0  0.366071105888974  7.8401  8.40204002702771 
1.92458983552724  0  0.31671047406017  7.8401  8.30050158891341 
1.28932574470316  0  0.176781265144881  7.8401  7.96607500873314 
1.59272857826995  0  0.16044762065204  7.8401  8.15464494010459 
2.08206554456352  0  0.353776493382427  7.8401  8.92804904895184 
1.80972672865822  0  0.23092564312679  7.8401  8.1315617315659 
2.21685332618549  1  0.433294751682647  7.8401  8.56697051464852 
1.29721130355482  0  0.136473323127573  7.8401  8.07124634757306 
1.55214576896166  0  0.228905643437321  7.8401  7.90488530757676 
1.78645389924753  0  0.226410714140606  7.8401  8.2128908612832 
1.99580381171198  0  0.337812177879607  7.8401  8.67346236102974 
1.81986001149066  0  0.184135856019549  7.8401  8.56614649036583 
1.68130658297716  0  0.175139699250789  7.8401  8.25443484208731 
1.27449367574393  0  0.0887994329769312  7.8401  7.94603952135215 
1.750650341505  0  0.246682283151056  7.8401  8.12489178173237 
1.77543429195956  0  0.24072054948935  7.8401  8.46704622898566 
1.62270252808363  0  0.378142130630389  7.8401  8.40191086522995 
1.47746715248375  0  0.169613870399759  7.8401  7.99367751455742 
1.52826572552354  0  0.169271072108108  7.8401  8.04505527298006 
2.06717008325617  0  0.297690774589925  7.8401  8.46917808374156 
2.19101744760524  0  0.31253722393949  7.8401  8.66392072755953 
1.59154100458451  0  0.238699992138104  7.8401  8.27559219075148 
1.79068129260685  0  0.208113089932152  7.8401  8.34385760780298 
1.64913031420049  0  0.2114993902797  7.8401  8.20132112426713 
1.75174393637947  0  0.246449938078351  7.8401  8.44496743981645 
1.89702659553382  0  0.281308002032747  7.8401  8.09490050548036 
1.53681720420112  0  0.177473620667276  7.8401  7.96933991741014 
1.54711570215927  0  0.133522030264476  7.8401  8.42339091280058 
1.71577255231084  0  0.204025548147888  7.8401  8.28880429267321 
1.40879981193787  0  0.135038549791059  7.8401  8.25209933428959 
2.19808149134542  0  0.248881294446228  7.8401  8.52580212858107 
1.58214970552651  0  0.173057933628612  7.8401  8.7001990993209 
1.60395554474406  0  0.209040391610044  7.8401  8.29273752660234 
1.7505605251605  0  0.199308058520932  7.8401  7.9009488890905 
1.63853276951773  0  0.19391033396797  7.8401  7.7684521699614 
1.42994275204411  0  0.16066437231877  7.8401  8.05719577131512 
2.0508842438492  0  0.309123877182028  7.8401  8.22221296368629 
1.84394948555429  0  0.284715283823758  7.8401  8.67949100209455 
1.44063562591919  0  0.12855598147189  7.8401  8.17618953684506 
2.10517852695835  0  0.296267227313063  7.8401  8.19935608601359 
1.56181003696854  0  0.16956710988894  7.8401  8.07810920168514 
1.91747698265425  0  0.275713738730797  7.8401  8.30225975441718 
1.84394118241269  0  0.238364059113135  7.8401  7.95113134130112 
1.51995159201024  0  0.153826426476013  7.8401  8.27062045257244 
1.69501867888915  0  0.220411040079536  7.8401  8.2213011998976 
1.69338318259802  0  0.220009543176678  7.8401  8.09156084073499 
2.14639837130102  1  0.293731021638862  7.8401  7.85701864537105 
1.43162703106437  0  0.167897798531023  7.8401  8.45319025614139 
1.31644522446725  0  0.0921627230624241  7.8401  8.04905184023515 
1.39093596092837  0  0.119437127244704  7.8401  8.37085883716977 
1.37291934939354  0  0.144642123445015  7.8401  7.91778205765795 
1.68053509700585  0  0.168967689693236  7.8401  8.44276282007694 
1.88275833492136  0  0.246786430891917  7.8401  8.31435488524379 
1.73344370314597  0  0.221856564120785  7.8401  8.01293783031446 
1.9288787790656  0  0.263739772576138  7.8401  8.35560956497169 
1.77020643697648  0  0.233831558082022  7.8401  8.08660072290062 
1.61145909267673  0  0.170218644868662  7.8401  8.21375840451824 
1.4294925504705  0  0.174240619073935  7.8401  8.11391866000302 
1.62284968920715  0  0.152218891897796  7.8401  7.956756506863 
2.47216299929922  0  0.496042831047176  7.8401  8.37737557003946 
2.03700440493428  0  0.222790814847284  7.8401  8.40652744788159 
2.05981086352401  1  0.299242786277065  7.8401  8.13309671148181 
1.57966212262986  0  0.162297620448302  7.8401  8.13124929855534 
2.14584194537652  0  0.371715544159761  7.8401  8.26808962890159 
1.62118188425481  0  0.223735037721184  7.8401  8.5599846331692 
2.12522078745965  0  0.262008728989458  7.8401  8.24345501029383 
1.39247123570785  0  0.180087591820797  7.8401  8.17093322530403 
2.22642492713154  0  0.286978668105963  7.8401  8.57341508915609 
1.92224984574051  0  0.365638967260056  7.8401  8.07489964800329 
1.57676652628943  0  0.207490926417111  7.8401  7.9085418105997 
1.81916540202671  0  0.197262556236445  7.8401  8.17477931967362 
1.76207773275215  0  0.247684266689673  7.8401  8.08561862867811 
1.82466757342369  0  0.288301755163622  7.8401  8.77432443767632 
1.37168693044316  0  0.130727679887044  7.8401  8.2743370152226 
1.76710201358186  0  0.202164009839219  7.8401  8.28337026349164 
2.40052450419498  0  0.346148667723847  7.8401  8.71221414145742 
2.14709719983672  0  0.272121443856101  7.8401  8.43299561995809 
2.32198295706558  0  0.272539370017503  7.8401  8.02937723252548 
1.23879653196599  0  0.148239982793007  7.8401  8.01223792278566 
1.39063572517237  0  0.195582927151876  7.8401  7.96648713744408 
2.16613198883901  0  0.302542693165864  7.8401  8.42047690287723 
2.47790404813819  1  0.336645425175383  7.8401  8.6739160313723 
1.62580469113361  0  0.13598149434963  7.8401  8.47781871066237 
1.48178366829673  0  0.145931394388523  7.8401  8.10666581396072 
1.47095243322043  0  0.197647576553336  7.8401  8.30886439270013 
1.6050643794603  0  0.150276778136824  7.8401  8.60366237673666 
2.1926833039116  0  0.268551047150993  7.8401  8.09134278821173 
1.58464912110581  0  0.225174660593829  7.8401  8.16469999274938 
1.21738285054089  0  0.122067191394112  7.8401  8.20176103486912 
1.59484986397792  0  0.152299135979567  7.8401  8.14638849641476 
1.62230213588598  0  0.268628592613137  7.8401  7.81675184123708 
2.86827604048352  1  0.481632724297511  7.8401  8.49319787634927 
1.64569128927454  0  0.172775492754071  7.8401  8.01391165486083 
2.40507562673116  0  0.341636316249053  7.8401  8.86937002245521 
1.10960321237624  0  0.108121730766513  7.8401  7.92851381072599 
1.53837357528566  0  0.202569848939077  7.8401  8.26929328214738 
2.14840301702138  0  0.28537485236626  7.8401  8.51923488737253 
1.81940960072697  0  0.245139267101303  7.8401  8.51524409225973 
1.98598307074645  0  0.253901769320165  7.8401  8.26385197762577 
1.90510736905691  1  0.324017235461682  7.8401  8.00444526107074 
1.79816722011961  0  0.25263568564309  7.8401  8.39119467062395 
2.13677480201249  0  0.278834204584266  7.8401  8.60677714994027 
1.91446830547603  0  0.333519351287794  7.8401  8.36067234696878 
1.59088339198003  0  0.163146422345481  7.8401  8.30614832102057 
1.66822438171869  0  0.148153829740243  7.8401  8.2871071074682 
1.94881636762692  0  0.271444090177991  7.8401  7.97528864623912 
2.34275890440346  1  0.472105909792641  7.8401  8.64829984880641 
1.70206816237571  0  0.169606902994467  7.8401  8.52751930057128 
1.97701565062938  0  0.250864259462577  7.8401  8.31260486732427 
2.47146602321622  1  0.334463619618726  7.8401  8.44660477908878 
1.83510472590699  0  0.247245174323968  7.8401  8.67183552078433 
2.07249619666919  1  0.279476743886098  7.8401  8.33666483046964 
1.90043496175908  0  0.176980225933806  7.8401  8.29902614218688 
1.87581405508456  0  0.213189683718757  7.8401  8.13516669643147 
1.6746578994553  0  0.248216843534005  7.8401  8.2707069920048 
1.90383644624318  0  0.275604323685131  7.8401  8.6230788223046 
1.76605107158702  0  0.244694866268964  7.8401  8.00716749747355 
1.75880846981115  0  0.188269993195345  7.8401  8.42202543638376 
1.89983789614628  1  0.224655746498731  7.8401  8.13332993464214 
2.15369666191965  1  0.307994652205462  7.8401  8.49891495600579 
1.70960727646416  0  0.234849470774507  7.8401  8.2069279127253 
2.17782472822052  0  0.312190545855134  7.8401  7.93402068947594 
1.65912224084955  0  0.192233223228397  7.8401  7.98020475835424 
1.26867266617297  0  0.129349876512928  7.8401  7.99822111059086 
1.96779179028183  0  0.320022514166877  7.8401  8.46917931134269 
2.06379396672279  0  0.257639489890715  7.8401  8.40926810126527 
1.43189562717527  0  0.16373275149738  7.8401  8.43368589982974 
1.41440429084142  0  0.127502164983906  7.8401  8.24646420861788 
1.85000435029143  0  0.208108277576146  7.8401  8.59065322289047 
2.08887824906684  0  0.252473179872204  7.8401  8.32487712091181 
1.6333981354331  0  0.167419541662325  7.8401  8.23421807887645 
1.73345967436621  0  0.203096280750228  7.8401  8.37786099123665 
2.57133565934699  1  0.385293707566591  7.8401  8.83970406744983 
1.85768052697612  0  0.245310777525998  7.8401  8.10328167507966 
1.9753249056144  0  0.329897235100191  7.8401  8.20084061084836 
1.89262936465416  0  0.212146152775939  7.8401  7.83027163990612 
2.04262741510758  0  0.308643986600042  7.8401  8.29529499371902 
1.49680264068543  0  0.186361497557471  7.8401  8.13249512572829 
1.66650297993157  0  0.207692078318035  7.8401  8.1430071893692 
