0  0  0  11.2001  11.2001 
9.94832909280666  6  2.90266933872284  11.2001  12.9355479585435 
13.0521819687126  6  6.09555076624287  11.2001  13.8729601867303 
5.3892116853945  3  1.45775786608208  11.2001  12.1387968158499 
10.1727316742184  6  3.92541106425732  11.2001  12.3467075990482 
13.9914564432438  8  6.25993505085765  11.2001  14.778639186364 
7.23204284490003  4  3.44157906331382  11.2001  12.5460092461678 
8.58452945045162  3  3.7417397254469  11.2001  12.8880546428407 
6.88658379078831  4  1.80799717860477  11.2001  13.1005737239874 
6.99721094478362  4  1.63983953727028  11.2001  12.6226689570917 
6.5657769282996  4  1.38589115348596  11.2001  12.2224066137084 
5.53756012137862  3  1.38333280782067  11.2001  11.7740568539574 
9.81314543709291  6  3.27469234218246  11.2001  13.3495679242 
9.31284602624072  4  3.39044161684077  11.2001  13.4321427524361 
11.4299394641254  6  4.07428421453832  11.2001  13.9051782592901 
9.32040293634902  5  4.33503209928051  11.2001  13.3486757034202 
7.2662014766515  4  2.87052310867128  11.2001  12.0003452164301 
9.6327939943945  6  5.17568854310288  11.2001  13.0346885653066 
4.61696534020712  1  1.10552388556  11.2001  11.5677764942278 
9.16053230532067  3  2.76800994045637  11.2001  12.8645733070017 
9.33868609595183  4  3.07975726326904  11.2001  12.6548848376056 
8.91833858492955  6  2.17206084319684  11.2001  12.4993158672105 
10.5943416378309  6  4.775942283156  11.2001  13.3776030294397 
6.28642621513649  3  1.45303299351971  11.2001  11.7071603478032 
5.81455129366144  2  1.70522822486325  11.2001  11.3408011571347 
7.07802158605309  4  2.55001081851845  11.2001  12.5964151013859 
5.8555007135413  3  2.04747855900017  11.2001  11.0816866314161 
10.1789226424773  4  5.00876143308591  11.2001  13.7263204307073 
6.45722786630276  4  1.42820954754483  11.2001  11.6750616321082 
6.61379154450763  4  1.56627139677465  11.2001  11.4244874066594 
6.3361427049389  4  1.58348417781369  11.2001  11.935049272633 
10.0050712538838  4  4.28932116591112  11.2001  14.3778125934936 
8.20231598091947  4  2.81915743872017  11.2001  12.6472362285171 
4.63540596563548  1  1.30965394109696  11.2001  11.7035474690753 
5.70852798703119  4  1.37319667865582  11.2001  12.2728690875843 
8.38622187039423  5  3.27125190115098  11.2001  12.2358265511808 
8.47923750854798  5  2.31718029428149  11.2001  12.3889813025182 
9.02786482305543  4  3.14576784642599  11.2001  12.9355716775198 
8.44600626140225  6  3.55411016947831  11.2001  12.6969966826581 
9.21361304431389  6  3.24173086015763  11.2001  12.3322440028065 
7.20873561876613  3  2.32440150857183  11.2001  12.0289235214462 
8.31659591317234  4  2.7247335014664  11.2001  13.5215050829724 
5.91138223853002  2  1.34329949008492  11.2001  11.3560491017767 
8.57577869387647  4  3.06300849698251  11.2001  12.8026005297641 
5.1967867430263  2  1.56404520829589  11.2001  11.8783519631243 
7.54194007533663  3  2.28622412245387  11.2001  12.5889189139317 
4.38387888795499  1  1.03773723387855  11.2001  11.4749814708814 
8.78420678282328  5  3.20966799530268  11.2001  12.3698816882326 
6.33263669319707  5  1.51785469109735  11.2001  11.7093896194055 
10.8578010744052  7  3.4899614852134  11.2001  12.6382889720773 
6.98719613145013  3  2.52083409796738  11.2001  13.3141421262271 
7.86718450108088  3  2.6694835209536  11.2001  12.8820531094653 
9.07022368652137  4  3.36478154821455  11.2001  13.1748952164591 
12.1403516107147  6  5.59867990292626  11.2001  14.2887153747816 
10.6784985944145  5  4.63461281850404  11.2001  13.5672144929973 
8.25684536389711  5  3.95812897548724  11.2001  12.1020986584199 
7.66807524555594  6  2.31336925173199  11.2001  11.7124984568276 
9.50215893435773  4  4.4534560932211  11.2001  12.8585105384796 
12.2414065780281  5  5.27121017640687  11.2001  13.9150423999434 
9.24522189947786  5  3.36553211616784  11.2001  13.1870029737377 
9.15548984155381  4  3.68067792969076  11.2001  13.4319787687679 
7.05314086561695  4  1.98849062484489  11.2001  12.0954633422084 
9.30657987307242  5  3.3773736383998  11.2001  12.94201685149 
8.50825914170198  4  2.63686868448244  11.2001  13.0818494446808 
6.72439616866832  4  2.03855877317237  11.2001  12.4450661135192 
6.88493713187031  3  1.89893795130818  11.2001  12.2033542190873 
10.048172465195  5  4.25302762713179  11.2001  13.3865299635055 
9.66713810992897  4  3.40984673055791  11.2001  13.1536656573361 
7.99283347522288  3  2.47344131245683  11.2001  12.3405593451714 
6.15041609746763  2  1.60336045286925  11.2001  11.9643547719502 
7.19713544844023  3  2.63642718029168  11.2001  12.7164544039703 
8.1031360533766  5  3.0446319072133  11.2001  13.2287990150962 
6.26898737544784  3  2.46391267299982  11.2001  12.195068532927 
6.82647050732482  3  2.51857164358091  11.2001  11.7191482600599 
5.53580606918702  3  1.47128255786371  11.2001  11.8342180222969 
8.0402676291797  3  2.05597456932589  11.2001  12.3395851396716 
7.91150691358392  3  2.85780787834201  11.2001  13.3892917318572 
11.6935986748605  7  5.9068857310423  11.2001  13.7014844139446 
6.61819422694146  4  1.83771361842855  11.2001  11.9126934595108 
6.88146550187033  5  2.02199172732747  11.2001  11.7075999024223 
11.1875925720585  3  6.39875599931738  11.2001  13.570093939772 
8.52772482773458  3  3.99301899687147  11.2001  13.2554223805653 
12.539917925287  8  5.09879468205561  11.2001  15.1737719613022 
6.4899442250282  5  1.73685586125817  11.2001  11.6722061194271 
11.564396145591  6  3.85740906810693  11.2001  13.8196285597435 
7.02390574555107  2  2.17233333869275  11.2001  12.3534864655751 
5.49639790337453  3  1.31798721131685  11.2001  11.7464555836644 
8.70642049281791  5  2.98356860474301  11.2001  12.7777567863228 
13.2705296085989  4  8.32108915805283  11.2001  15.2601864701398 
10.743168084828  6  5.27247868663543  11.2001  13.2982144786443 
5.8190465427999  1  1.7312207853341  11.2001  12.8783476985366 
4.00558345821109  2  0.7928586194277  11.2001  11.8043845147991 
5.42563619698336  3  1.23132136258909  11.2001  11.0004370469093 
10.2363778097481  7  2.10833676915818  11.2001  12.8059393527802 
5.68275495865594  0  1.74694857741918  11.2001  12.343197919534 
6.00847472848401  4  1.37329118736632  11.2001  11.717584159446 
5.92633767094144  2  1.77948018292927  11.2001  11.514766500692 
9.9060769161204  5  4.49973255958446  11.2001  13.6009528557905 
6.5917551593397  1  2.08166403063018  11.2001  11.942777257937 
4.22543604491944  1  0.894803491700984  11.2001  12.0753066327112 
9.24899772275747  5  4.0079981710585  11.2001  12.7225762018823 
13.1296971363082  7  5.9016732310485  11.2001  13.4744317117338 
6.63479578404509  3  2.09294484698166  11.2001  11.5019146366394 
9.32835816989416  5  3.69724916832262  11.2001  14.318082948578 
7.09320937654171  5  1.98801780120883  11.2001  11.5928068767789 
7.83139504822636  5  2.71863745949532  11.2001  12.7594112485809 
3.09103902836329  2  0.477557077316631  11.2001  11.481632618782 
10.0768601878385  4  4.48052101299433  11.2001  13.8587298791985 
11.0306474687734  3  4.76726940107873  11.2001  15.4294449489182 
13.1089548147812  7  6.06375278121481  11.2001  14.7381979135865 
6.44186982813982  3  1.5682300062196  11.2001  12.6940885455737 
6.05722687659903  1  1.48032337928953  11.2001  11.8160401459262 
6.18436634776629  4  1.7570311768941  11.2001  11.5225973979359 
6.20427483035856  4  1.83975568418537  11.2001  11.5257080157203 
9.47384464721839  5  4.55634911561335  11.2001  12.5422268408752 
4.69330512168703  4  0.983607608833419  11.2001  10.9659252248324 
9.81369284955085  4  3.96330709215332  11.2001  13.4385389929623 
5.33238567746788  1  1.64694455935386  11.2001  11.0228739481523 
12.2021908719916  7  3.96731206542539  11.2001  14.4088000797709 
10.0436983826744  6  3.17946705639848  11.2001  13.5177813532061 
9.51209483300466  4  3.15872717773648  11.2001  13.9104758864841 
8.36645501265505  3  2.96589045695164  11.2001  12.9043666054474 
5.65873071545501  4  1.6616800356383  11.2001  11.3268488066672 
8.55036506234252  5  4.6057325098421  11.2001  12.4099426349662 
9.47336889514504  5  3.0677086825827  11.2001  12.9870735149995 
10.8189459142933  6  3.29501023038198  11.2001  12.966869291431 
7.63582905501121  4  2.80832297869759  11.2001  12.692245025586 
7.43631688104632  3  2.29873278207357  11.2001  12.7978794599534 
5.62309124596077  2  1.45943876553626  11.2001  11.976018226207 
7.25999352177899  2  2.83068555067509  11.2001  11.9677336196356 
6.77813485219056  4  2.04858383713984  11.2001  12.2850399324057 
4.24803837314001  1  0.988463095590913  11.2001  10.8824024167921 
6.66864463914702  4  1.46245224277405  11.2001  11.6270317372513 
9.38012791504092  7  3.37615242385929  11.2001  12.2197507525064 
7.51357130882872  4  1.94184239405616  11.2001  11.8620923473763 
9.7716225975498  5  4.46289700433352  11.2001  13.8173632584096 
11.9730922590038  6  4.95250715242108  11.2001  13.5734801554023 
5.19815778056226  3  1.4384774921107  11.2001  11.7916010051366 
9.3598603518388  4  2.90409768620797  11.2001  12.5458649021784 
9.06466080202472  5  3.08029432840035  11.2001  12.9072810879398 
4.90133239395353  1  1.15345712695649  11.2001  11.5759662701239 
5.6364687513474  4  1.41892867726505  11.2001  12.047037756688 
9.54736562568494  4  3.0694065531378  11.2001  13.5638398428525 
5.61651522361935  3  1.2192856146334  11.2001  12.1508806343552 
4.35829508351897  1  0.981955685125212  11.2001  11.56324514805 
4.8815551813062  0  1.280033181065  11.2001  12.0286223039845 
4.51590383729866  2  1.08494614295412  11.2001  12.3047673906194 
9.32492234352717  5  3.10714585758744  11.2001  13.0042603831615 
11.4432517584721  8  2.94495265012633  11.2001  13.9727457971551 
8.41081578448727  4  2.92998533290028  11.2001  12.2079682154692 
7.54486297169839  4  2.54531678421953  11.2001  12.2658470111896 
4.88261580386287  2  1.26050349969994  11.2001  12.1539534062927 
8.47090794688418  4  3.07348962588438  11.2001  12.5570665197234 
6.36294045920979  5  1.57415183762369  11.2001  11.6385711008025 
10.4348551992665  3  4.15742796729349  11.2001  13.7454948849681 
6.33826895292224  4  1.78019227248619  11.2001  12.204647528118 
7.34097708245735  5  1.98986727532834  11.2001  11.8652738272653 
11.2282345016268  6  4.17370343258422  11.2001  13.3288038386179 
10.3369384899274  6  7.35618590945305  11.2001  13.5855775604397 
6.33385095060046  3  2.0070556864127  11.2001  11.9402701486959 
8.56946239603556  3  3.38318188721045  11.2001  13.7240495489056 
13.4786076192629  6  6.03789219151449  11.2001  13.8760770599394 
7.45895595413337  3  2.9848573425039  11.2001  12.3185207743021 
10.4342895175671  6  5.10253413186166  11.2001  14.3788232427304 
6.5850598983021  4  1.97926869759094  11.2001  11.7228511644205 
8.70409667979571  6  2.81111578488124  11.2001  11.9821779248047 
4.70539236568856  2  1.26288497139199  11.2001  11.4223579449382 
8.7318013051882  2  3.46145376543219  11.2001  13.0431854423172 
8.07478861684577  6  2.16056599460967  11.2001  12.0597116889665 
7.68070440014638  4  2.17558224789909  11.2001  11.9692804730687 
7.00196061683838  3  2.26568195080514  11.2001  12.2906519790447 
7.55338639033043  5  2.0729392263094  11.2001  12.7109368252623 
8.00536859790199  4  2.68360813486758  11.2001  12.8253983758465 
14.4163515239894  8  7.70537496301496  11.2001  15.246967122848 
6.49564053311814  3  1.81522262442548  11.2001  12.0864845249617 
7.0509150593154  6  2.14495177245609  11.2001  11.8035860537619 
13.2231074509304  7  6.44859225090501  11.2001  15.0496152162706 
5.66665841644983  2  1.45632840525656  11.2001  11.6692110306965 
5.84292685564413  2  1.70352297106757  11.2001  12.5192780535472 
3.27078771605868  1  0.617232215393218  11.2001  11.0544288269097 
9.34679713839989  5  2.56712585563666  11.2001  13.4856774648771 
9.08710619208603  5  2.66163947603533  11.2001  13.4681562230317 
9.84836906115462  5  4.99009646391516  11.2001  13.0178087002954 
5.81665611161983  3  1.78258817060789  11.2001  11.7237741616708 
10.4461080699537  6  5.94199565746931  11.2001  13.5643242733954 
14.1576992648524  6  9.0786847702661  11.2001  16.4546785785125 
9.97466607102152  5  3.92433017859839  11.2001  13.3514116817 
7.82708048364771  5  2.0112337476547  11.2001  11.5445856578682 
3.93809291114804  2  0.840855594933155  11.2001  11.3271238222422 
8.11376645210376  5  2.825164389808  11.2001  12.8345664616778 
7.19694639130319  3  2.88989547699628  11.2001  13.1548742594543 
5.20119763304457  2  1.55950467019772  11.2001  11.7587222776749 
4.11063899493488  1  0.888149098455584  11.2001  11.0959949122741 
14.6631451081867  7  6.54392589269712  11.2001  14.5020840035975 
7.08964469170957  5  1.5410082722532  11.2001  11.9391036919448 
12.1910725469148  4  5.517317457001  11.2001  15.106753443278 
6.22871797327326  3  2.05353745682152  11.2001  12.1702124068652 
7.97743219404114  4  2.41277281353036  11.2001  12.4253334298796 
4.96581351102422  2  1.12842290952255  11.2001  11.5222701832114 
8.59992725407233  5  3.12584211066183  11.2001  12.7353274679754 
8.94896078914852  5  3.2097377838413  11.2001  12.6382863703188 
7.30680516585719  4  2.61686325907085  11.2001  12.344536082653 
12.2754341363772  6  5.47347106086699  11.2001  14.1646061555108 
7.56515259594215  4  3.17865900828967  11.2001  12.8652007903179 
9.28218641216383  6  3.76576750582836  11.2001  12.663246060874 
9.69212713000373  5  3.52339848520524  11.2001  12.7912489856274 
9.20108455704827  5  3.26113475684966  11.2001  13.5824217501554 
8.75636716793401  5  3.34728339485678  11.2001  12.8234582322692 
10.0429231804831  6  2.41389432533755  11.2001  13.1641996461412 
9.00190379056824  4  3.68836976578509  11.2001  12.8774950136721 
7.3829398667662  5  2.38207719861097  11.2001  12.2045447203404 
6.04544583193991  2  1.64614942283585  11.2001  12.3464879631696 
7.99959735514497  4  2.34198593526013  11.2001  12.4533935424012 
5.5033479864093  2  1.58746867618299  11.2001  11.923762646698 
4.6192712144149  1  1.19324564141626  11.2001  10.775360711264 
11.8795596375734  6  5.85992278110169  11.2001  14.2428701244096 
8.46854622611628  5  2.62365194344481  11.2001  12.5760568053279 
6.80088379306911  4  1.69634765301106  11.2001  11.8483537517714 
7.87106460115941  4  3.63953258908022  11.2001  12.8402666810021 
10.5590823149535  6  4.0758138707182  11.2001  12.8097916280409 
9.4641159565508  3  3.49109296698878  11.2001  13.2265561193881 
12.5448928318129  5  6.33497381376662  11.2001  14.7974445357596 
4.18411980653962  2  1.2075422624133  11.2001  11.908542070638 
9.69715553102359  5  3.11309963587314  11.2001  13.3763578127243 
9.4559205910273  5  3.85510612184824  11.2001  13.4309721604414 
5.57366917846168  3  1.22959557912994  11.2001  11.5512603757 
8.35979051307245  4  3.13055775210325  11.2001  13.3387020011664 
6.21262673481947  3  1.87454559377884  11.2001  11.9751084544678 
9.00857151523617  3  4.70263918561401  11.2001  14.1718776138568 
11.7598919935165  5  4.37765626768913  11.2001  13.3002673830173 
12.4714568453465  7  6.62622469773581  11.2001  14.4899315656638 
5.46688226635905  3  1.60280514088063  11.2001  11.5360989648142 
5.41744650838477  4  1.57745154583438  11.2001  12.4111199329263 
9.70746823878149  5  3.81710260330046  11.2001  12.6926006965713 
9.03656942145394  4  3.65724628758678  11.2001  13.1543345935491 
8.89820921921067  5  3.0164289104002  11.2001  12.0283545974136 
2.83967915318544  1  0.489140301644734  11.2001  11.2574167964968 
12.3428723027346  6  4.10844877788819  11.2001  14.569369990718 
9.93515677672707  5  2.6502517818663  11.2001  13.1952390118399 
9.3589147142691  4  3.65967019401825  11.2001  13.3668212529877 
3.7929008519831  1  0.710806479735614  11.2001  11.0009042688439 
12.2812452471631  5  7.36813119191304  11.2001  15.4730837201136 
7.2506749381181  4  2.93630239625261  11.2001  12.5059514042538 
8.64363406368129  6  2.5650688436651  11.2001  12.9637146833953 
7.95155035060439  4  2.87776447155564  11.2001  12.502069132352 
7.0499044394062  5  2.25417430459862  11.2001  11.9901409738415 
8.05187290879001  4  2.47849819814004  11.2001  12.6083539260529 
7.93348568628359  2  3.20105170463506  11.2001  12.5529819386031 
8.07168127089964  4  2.84854931849384  11.2001  12.3798325038683 
8.63471550781484  4  3.39119622413981  11.2001  12.7111830611251 
8.05415560263076  3  3.04887228369146  11.2001  13.4698861255557 
7.56415918560274  5  2.48481174069073  11.2001  12.4710328898484 
10.9371267537574  5  5.47761016145682  11.2001  12.9822051052591 
4.59680625354528  1  1.16329136993716  11.2001  10.9168123418394 
4.75516222047066  1  1.24628107555009  11.2001  12.1235088525738 
8.73667996385614  4  2.80398873729954  11.2001  12.8846205804294 
6.06124748495091  4  1.61516092626844  11.2001  11.917176748446 
6.08775862424047  2  1.60520507904836  11.2001  11.3148982027137 
7.52466132936133  3  2.71926614047706  11.2001  12.3917466266799 
7.4892527842053  4  1.98783720056345  11.2001  12.3973945540384 
7.17143896887241  5  1.82384689730882  11.2001  12.0176586276668 
10.8568414342229  6  4.14660363111522  11.2001  13.1781333320145 
6.8621189762495  5  1.5325164619319  11.2001  12.5911454297612 
9.36450562032492  5  3.62466922356629  11.2001  12.5832914764625 
12.0168796681904  6  5.93665197397919  11.2001  14.1783145798704 
5.80637958233115  2  1.55590291107952  11.2001  12.3569490091378 
7.83018698007551  5  2.30282724466682  11.2001  11.9719832707625 
11.49219311913  7  3.35637543214777  11.2001  13.5902328884209 
6.59758125919622  2  1.91124430977956  11.2001  12.5456455472816 
9.40944002972974  6  2.79351618530367  11.2001  12.6171246681673 
11.1222698340004  5  4.82458901003698  11.2001  13.7333211959522 
7.86094271469158  4  2.89569551784625  11.2001  13.2840934867092 
7.13912722658774  4  2.57886021060242  11.2001  11.4560968377124 
4.93974350414629  1  1.20247715841459  11.2001  11.9971197288225 
7.86832964172014  4  3.09022715995622  11.2001  12.617361445271 
6.29760528425518  3  2.75991907131456  11.2001  11.8884533946126 
9.55087459193329  5  3.93630277854338  11.2001  13.4495143852479 
9.12879940971256  6  3.2474988710396  11.2001  13.0624302288584 
6.21686384857129  2  2.81270399590693  11.2001  13.4546045983905 
8.86811674495861  5  2.29711806291471  11.2001  13.3509486472516 
12.3818318227019  6  5.42981127696308  11.2001  13.3247410200385 
9.42874514330624  6  2.56205551040382  11.2001  13.1904259496841 
4.13272593907653  0  1.0631185276815  11.2001  11.6919684282858 
12.3439453491147  7  5.64546701129976  11.2001  13.9298214993809 
8.99284471512271  4  3.90141130815556  11.2001  13.1308128970804 
12.1552387876152  6  5.36127650633516  11.2001  14.027592913659 
6.89264593239879  2  2.61551659152956  11.2001  12.3536529812049 
9.50979520609214  4  3.35533095286266  11.2001  12.5632440203548 
5.06624736401379  1  1.30367208622626  11.2001  11.6730223544813 
4.53997492419781  2  0.897585885104992  11.2001  11.2684194833463 
8.75398747766918  6  2.10322458719564  11.2001  12.7908349025871 
8.15476260421005  5  2.8103685131469  11.2001  12.1548535409503 
6.46048170573901  2  2.06841515678622  11.2001  12.2457932897377 
7.8996988755041  4  3.59309245243482  11.2001  13.191496402289 
14.9923364909401  6  6.01871939154297  11.2001  15.9371638316051 
7.39447303065034  4  1.78792859177218  11.2001  12.1965435184141 
8.35709222747714  4  3.21607806406992  11.2001  12.9805820350646 
4.58166065368366  2  0.97559303277036  11.2001  11.9628040410185 
8.78981916252256  4  2.51568513175279  11.2001  12.486348178007 
7.76470160022889  3  2.69645197197601  11.2001  12.5748176548086 
11.6022768928696  7  3.68846016110724  11.2001  13.4314715840499 
4.12938800026445  1  0.884838179984995  11.2001  11.1016790272102 
11.0461452681426  6  3.79936267581526  11.2001  13.800751229722 
7.51526581617195  5  2.63717824902269  11.2001  12.0916879739221 
9.14895947546378  5  3.39214815639229  11.2001  12.6929741037421 
5.49107564167944  4  1.38666000017934  11.2001  11.8470698848134 
7.80032451526951  4  2.85789807877261  11.2001  12.5233188772014 
8.596613991129  6  1.93663339568382  11.2001  12.3525406217627 
10.9143962516876  7  5.21181042595703  11.2001  13.0912744694184 
7.91635140699548  2  3.33191149815405  11.2001  13.3446642247877 
9.2452933030558  5  3.0536978893478  11.2001  12.7675891895882 
5.24107617887362  2  1.3137384296378  11.2001  12.0742615121992 
8.47040964216497  6  1.95641639218903  11.2001  12.5983045383967 
11.2180362120524  6  1.9978552048959  11.2001  13.694697185482 
3.36637338065214  0  0.642059954149344  11.2001  10.752593106718 
8.48356570491892  3  2.8637073027898  11.2001  13.6440576982077 
8.20887055357508  4  2.04800179783191  11.2001  12.5893866408297 
4.0918758818895  1  0.898281081484059  11.2001  11.7738910157762 
6.62233467879884  4  1.97105224082183  11.2001  11.4429002884448 
13.4776158964359  6  4.65598588372941  11.2001  13.6420893769955 
10.4642834920472  5  5.061515609207  11.2001  13.8767758642268 
11.6880845547783  6  3.63907262601403  11.2001  12.9437809672247 
5.2763790285252  1  1.39717551901659  11.2001  11.7554217208977 
5.8785554591266  3  1.62097960424589  11.2001  11.4648277526142 
7.4521320201433  4  2.26122158311187  11.2001  12.5394731504815 
6.79768836105738  2  2.10006662139627  11.2001  12.0815915202979 
8.36004820277685  3  3.40905495050697  11.2001  13.8418053863683 
10.3346186238009  6  3.87914471727678  11.2001  14.0734005467465 
5.31676969734118  3  1.18346504673412  11.2001  11.1176410672888 
5.0506092574527  2  1.19764547339675  11.2001  11.6493048579636 
11.8143455113323  6  4.97581971545653  11.2001  13.9408548056071 
4.94566587656182  2  1.3576512285474  11.2001  12.1177741719054 
10.1337648791914  7  3.53084933591179  11.2001  13.5461525152803 
12.3351246300325  7  5.81727497579767  11.2001  14.0470951430257 
13.3611867016244  7  5.72864599889252  11.2001  14.4021710588172 
8.36948612458719  5  2.3007004444532  11.2001  13.3838721114081 
5.80498942350041  2  1.67404866534268  11.2001  12.0056650933755 
7.95114981067216  5  2.50359667223609  11.2001  12.6231867485546 
5.83688393775817  2  1.62425282188452  11.2001  12.0870038129316 
9.80336048136482  4  4.57859102666146  11.2001  14.0011642830208 
9.79046385816344  5  3.13299820730226  11.2001  13.1233365375187 
7.45528382531566  3  2.69115733007252  11.2001  12.5389373258281 
10.8633945693696  5  5.6552725287024  11.2001  14.1820929481707 
6.68246738575452  3  2.88316997474567  11.2001  12.5974492519182 
7.07381466830349  5  1.65917702040312  11.2001  11.4296701312489 
5.21730425416805  4  1.02110759149626  11.2001  10.9759415420111 
10.8504540230321  5  4.02586722223197  11.2001  13.7875362123654 
10.5900234097215  5  4.61369827457362  11.2001  13.8914391508228 
7.88528116839544  5  2.35694303560638  11.2001  12.6238154161846 
6.40571281464994  3  1.67209632439519  11.2001  12.1474310269705 
7.44059944557316  4  2.23356640625782  11.2001  12.2802503308568 
6.11597329466142  3  1.63250894077599  11.2001  11.3887595750892 
9.78851631309767  6  3.73562425515728  11.2001  12.7116588181928 
9.31509469146262  7  3.01401553871311  11.2001  12.6207245035198 
4.78699750181628  1  1.03833664527542  11.2001  11.1555751104687 
8.54169284892297  4  3.04018195646148  11.2001  12.4367334095807 
6.95437009929648  3  2.15424914207108  11.2001  12.7460579982983 
7.34650306566052  2  2.32463532558738  11.2001  12.1293242683688 
9.40827550414184  4  3.12896257263264  11.2001  12.7470084598214 
12.1848924387327  5  5.43997829743054  11.2001  14.8233483564708 
6.3147779343647  4  1.72480716395844  11.2001  12.1686503052712 
8.64793615585897  3  3.41593605718613  11.2001  13.9634473566833 
6.52338111590062  3  2.07309388404805  11.2001  12.2905805772968 
8.76412917548972  4  2.99311413036024  11.2001  13.6603199954338 
16.3032916496277  10  5.21220980354848  11.2001  14.7493465594981 
13.9761614080251  8  7.03063492961641  11.2001  13.6543118426298 
8.36380942331512  2  2.92304224974972  11.2001  14.2750625331005 
10.2171637743129  6  3.69451926366938  11.2001  12.7472728208357 
9.21347247827617  5  3.10511107849984  11.2001  12.4350236523305 
9.48553653232242  6  2.94032151457746  11.2001  13.0520889963805 
6.86344812750252  3  2.106180202554  11.2001  12.2398402577878 
11.9398863230467  6  5.52668412911077  11.2001  13.5769643157469 
6.82839807714488  4  1.81742892944863  11.2001  11.9615195783453 
6.63005903824365  4  2.21104870955509  11.2001  12.1668435310948 
7.93338271963932  5  2.11811354377942  11.2001  12.9129862541198 
10.2472192690924  4  3.40128500522722  11.2001  13.7658324046595 
5.54607572462905  3  1.35802704223337  11.2001  11.4470978204532 
12.3241964747199  7  4.10480677297822  11.2001  14.2143332639245 
8.15757491056381  5  1.9327040040288  11.2001  12.3903959851022 
4.05177973175384  1  0.793620986683797  11.2001  11.3608241346713 
6.23942208332294  4  1.52723201737231  11.2001  11.8159524711164 
8.58257538655857  5  2.32756500952958  11.2001  12.6696207657379 
5.88226706235773  3  1.8628212912958  11.2001  11.5529079440873 
9.93199722808896  6  2.83393828989992  11.2001  13.5812740741444 
7.06397200255751  3  2.3442168129178  11.2001  12.3740252731087 
5.50632765401565  2  1.609685758042  11.2001  11.8592532588811 
4.09662981699662  1  1.04729006296946  11.2001  11.492933098734 
9.47821145813305  5  4.10585053168523  11.2001  12.824469639456 
6.15880266493822  4  1.29506797973433  11.2001  11.1503433382921 
10.5804097172845  5  5.12078721236998  11.2001  14.6500424545985 
6.58287524161023  3  2.12285618939618  11.2001  12.6913783662491 
8.64136680601579  2  3.15576325609528  11.2001  13.9189638509998 
7.57567387612097  4  2.78180018870691  11.2001  12.6631848802361 
3.94065200804082  0  0.876552999091606  11.2001  11.8390177426988 
6.09999060362682  3  1.85684898350113  11.2001  12.4298289682973 
7.81159491050835  2  2.84235932576821  11.2001  12.3963447368675 
8.79645549575488  6  2.97648195834717  11.2001  12.41031466563 
13.0414715975439  7  5.27326942945959  11.2001  14.3398584409143 
9.11135481801189  6  2.73805413275097  11.2001  12.6181958743777 
10.163101611443  5  4.23198176695787  11.2001  13.1152301838789 
5.17504432662498  4  1.37132527962324  11.2001  11.544680509675 
7.39362982431667  3  2.1740045325895  11.2001  12.0420230602855 
9.0564138237847  5  3.82331405023691  11.2001  13.8668575964342 
5.8568023830488  4  1.95635465190921  11.2001  12.0095296551283 
8.28335153858906  5  2.0772495200424  11.2001  12.0571003923579 
8.80328675600232  5  2.71287188689204  11.2001  13.408407646831 
10.4674964714458  5  5.24717139695328  11.2001  14.533024842265 
9.98465225193964  6  4.67710680391611  11.2001  13.4443392121243 
7.39544585473129  4  2.13195678442479  11.2001  13.3052902627015 
6.57716704540369  3  2.25733777022502  11.2001  11.6834649948845 
8.93478357816562  6  2.45513785331508  11.2001  12.7350260823437 
12.9654030223355  7  6.13122407375772  11.2001  15.3112661679515 
6.42334505824305  1  2.11015859164924  11.2001  11.9147980887055 
7.59990933202106  2  2.28938629491635  11.2001  12.3973283063918 
7.04207072079775  3  2.24654096856043  11.2001  12.2152563543662 
9.94718977211824  7  3.76876142327689  11.2001  12.4028876556289 
11.0923335280127  5  4.42880767888697  11.2001  13.1472131801805 
6.89771515511976  4  2.25149161274148  11.2001  12.3521682108519 
8.11463409095327  5  2.98231064879664  11.2001  12.8585274136252 
6.83855260573966  2  2.73748887860834  11.2001  13.0736306348012 
10.0194383357727  6  3.3672296284663  11.2001  13.2644404992452 
7.41240919162008  4  1.61298154839531  11.2001  12.5491877490202 
5.69115188541201  1  1.56770703055928  11.2001  11.327131142098 
11.2542887088626  6  5.54764617711914  11.2001  13.5658218811068 
6.7904570574228  3  1.75129546487144  11.2001  12.0618281481993 
9.62988960977245  5  2.85329849866935  11.2001  12.415670152944 
9.6798426078391  6  3.21215463944454  11.2001  12.7067012387679 
7.77720352759272  3  2.42657361359322  11.2001  12.9528283958372 
11.7958218616491  5  4.63587266898094  11.2001  13.4879922075588 
8.05309313661635  5  2.45631116342374  11.2001  13.1085783309571 
12.2679102096848  7  4.76206757888554  11.2001  14.0856783359689 
7.68791364467402  3  1.91754736010501  11.2001  12.5611166497355 
5.29676596115502  1  1.56964094871524  11.2001  12.5605365313165 
9.08772184578266  4  4.25479701425489  11.2001  13.2204770853005 
4.79233779985488  3  0.988962698770035  11.2001  10.7508473294279 
7.4093925066627  4  2.40161625620516  11.2001  12.310586851431 
8.24298567105556  4  2.55484481089846  11.2001  12.9814594572419 
8.75903409809309  2  3.0360353099671  11.2001  13.3630923760101 
7.86721404484989  4  3.42004157278963  11.2001  12.8118859020594 
7.30602963154467  4  1.92537610091742  11.2001  12.0513121964862 
13.3161025088755  8  4.53674645483132  11.2001  14.0971330499858 
8.01219743416697  6  1.71326306036831  11.2001  12.0726896075657 
9.632014908232  5  3.64109219103716  11.2001  13.2361102184078 
8.60837500778333  3  2.22086200103696  11.2001  12.8241172740435 
9.33692126237457  5  3.05295381715687  11.2001  13.1858601864276 
4.18959982187225  0  0.994973804238331  11.2001  12.5620932382757 
6.65674273959453  3  2.5459335924726  11.2001  11.7803688462362 
6.31491149065557  4  1.60103903242894  11.2001  12.2943499212987 
5.90956726137561  3  1.45628147491284  11.2001  11.1580824600536 
13.5786130141619  7  7.2264757513668  11.2001  14.4686394791268 
9.42421938601248  4  3.08992018140134  11.2001  12.8471458645574 
4.07690230019003  3  0.714039004567716  11.2001  11.0383311778434 
7.22760177748451  4  2.55408926942053  11.2001  12.2405258645056 
8.14542888263854  4  4.30452163890086  11.2001  13.2230782078786 
3.68028310356077  1  0.764433889690031  11.2001  11.7472413024606 
5.87857434079772  4  1.54241540879343  11.2001  11.5806265399324 
10.0937155474196  5  4.74373317980058  11.2001  13.7465520415817 
9.33180814985315  5  4.29185105096389  11.2001  13.1822682134458 
7.19531103643094  5  2.02828767638742  11.2001  12.6464810191555 
13.7781928699368  8  6.75351362837793  11.2001  14.6490568851922 
8.53335473306069  3  2.95918000076682  11.2001  12.638376770427 
7.3714050625843  3  2.4053096369248  11.2001  12.642590329554 
10.1288272127442  5  4.507889212017  11.2001  13.0183381407093 
11.5154756428126  5  3.15721816409398  11.2001  14.6657199083618 
7.13609360749919  4  2.3347456596665  11.2001  12.7925375628493 
8.44526281230611  5  3.05413040651699  11.2001  12.7199063127079 
6.86380625777889  2  2.30021103716502  11.2001  12.3340922438312 
6.7692094061092  3  1.7806794776689  11.2001  12.3291768442022 
8.01126812375244  4  2.63556602934589  11.2001  12.6597470268565 
12.0798042823501  7  3.63946250017053  11.2001  13.2635593758927 
8.09415485300714  3  2.30710660090034  11.2001  13.3082494763097 
10.8185045964056  7  4.86040777546365  11.2001  13.568827864946 
7.5265484566765  3  2.4860789486789  11.2001  12.1660010947062 
8.24074832167515  5  2.32514945274808  11.2001  12.3002131694298 
4.55963325995631  3  1.1312075405178  11.2001  11.9048712727323 
10.0877074174276  6  2.98173660634434  11.2001  12.8595210949062 
7.93023820938238  3  2.52114861842882  11.2001  11.9037915844074 
5.50933762353558  4  1.17145710892395  11.2001  11.5652295711573 
8.22133949133711  5  3.00582733209566  11.2001  12.2593559635089 
14.8356327543675  7  7.66715488857665  11.2001  15.2854861349578 
11.6951267230498  5  5.73253289381006  11.2001  14.3133881433124 
8.92091421907752  4  4.02702494985833  11.2001  13.3487096972826 
7.35542558144119  3  2.34460302345719  11.2001  12.6785760458101 
8.94670431514475  7  2.59651717093934  11.2001  12.0776787148908 
8.29244629284056  5  3.459563234449  11.2001  12.6518786070834 
7.55378680419103  4  2.40304411417084  11.2001  12.0522742527845 
6.29899840234068  4  1.83096246546397  11.2001  12.6712569456109 
9.11849149641804  4  4.35853677470748  11.2001  12.8775477854694 
6.66473842990484  4  2.27095245552827  11.2001  11.8381486233097 
7.59678927872404  3  2.72482631947268  11.2001  13.2127220286058 
13.1153459505688  4  11.0898270631137  11.2001  16.2626248652306 
8.53825566071281  4  4.97615136786329  11.2001  13.8249536397508 
8.62856023587285  3  2.93024158369185  11.2001  13.4536930320104 
10.434342129932  7  4.91917596040436  11.2001  12.749983972909 
13.4135425658091  6  5.32004377650248  11.2001  14.0561580372073 
10.8427039776693  5  6.21304964887307  11.2001  14.4297017804754 
8.96565444339448  4  4.33473668873012  11.2001  12.9199871113016 
12.0348645587232  5  6.56458347716783  11.2001  14.4338481004454 
7.56109356347844  3  2.27907383911927  11.2001  12.3457793573624 
9.09703787712218  5  2.83600569800248  11.2001  12.3900860399976 
9.15441948334794  3  4.19477093432811  11.2001  13.5789020404577 
7.86729208786211  4  3.05147755394636  11.2001  12.2856088600147 
6.50692989165858  3  1.66732355653137  11.2001  12.4660658270673 
8.22474355486144  4  2.30241537183687  11.2001  13.3181191085091 
8.63418218484948  4  2.83787702287793  11.2001  13.585922394657 
3.76037081390197  2  0.745232261226786  11.2001  11.3732116471191 
9.22675384724883  4  3.27182644316852  11.2001  13.9887234305792 
12.019777365698  7  5.76769432930548  11.2001  12.658377163295 
4.76233461822205  2  1.3215453595572  11.2001  11.6346156741364 
9.06071530081299  4  2.71313500535518  11.2001  13.0948229334898 
10.0288251744699  5  5.19929521394763  11.2001  13.4226734511628 
7.05146461257767  3  2.05285043778855  11.2001  13.1012016797796 
12.776107470559  8  4.14707657558523  11.2001  13.9615575083909 
7.18535042571135  4  2.39052149697907  11.2001  12.3335956590476 
7.69088996232913  3  2.55138910126828  11.2001  13.0690083444959 
11.3764756314352  7  3.67014472427475  11.2001  13.8558151982276 
6.51208563471864  2  1.71276915426523  11.2001  12.1132400018633 
6.09655159798344  4  1.38428634616322  11.2001  11.8175469873664 
9.61583250187766  5  3.51111972082834  11.2001  13.1751750462403 
5.72703905505339  3  1.15688251712683  11.2001  11.9484178525806 
8.09503968670319  5  1.89027784890854  11.2001  12.6445905679767 
8.92233463223806  5  3.44660877840382  11.2001  12.7411993244623 
10.1114010174883  6  3.82742903915127  11.2001  12.8136588121146 
6.47116262685937  3  1.41418741845298  11.2001  12.0543144970678 
8.9090614170685  6  2.88224404441317  11.2001  13.3254737956198 
6.57727891677929  4  2.04531569062811  11.2001  12.402145581989 
12.8359728242726  7  5.85801482695618  11.2001  13.9535874667696 
8.96619035303515  5  3.34998776948104  11.2001  13.1517319767007 
8.48943438748836  4  2.77949357337745  11.2001  12.3396626954843 
8.42408362990337  7  2.51402286686287  11.2001  12.2259704087794 
7.1321552521562  3  2.13938768982091  11.2001  13.3455522822879 
4.34952245573089  1  1.11687291179139  11.2001  11.1849417327513 
9.61122332422244  5  3.68212632290365  11.2001  12.8394385404873 
13.1588739442596  6  5.76902540821394  11.2001  14.1608630222274 
7.12936781831104  3  2.18273915060025  11.2001  12.5505336938989 
9.01141063494095  4  3.65904837279013  11.2001  13.4288792384101 
8.17151803768387  3  3.2893932451513  11.2001  13.3281185760536 
5.64567374719675  2  1.36203970204521  11.2001  11.8884433855996 
9.45612938994542  4  3.59869940694463  11.2001  13.667723527785 
7.88107981442292  5  2.78331022286226  11.2001  13.2596692047181 
9.36121217782312  4  3.27745033996892  11.2001  12.3602925289987 
8.69265697075285  5  2.86194382249935  11.2001  12.2375469472552 
9.39585733454577  7  2.79092582070433  11.2001  11.3912625521483 
8.97445723628516  6  3.03308002770119  11.2001  12.9896321309036 
8.89445688777532  6  3.31427029441887  11.2001  12.1628069031181 
7.77364734400548  5  2.64121472990539  11.2001  12.5330464517887 
6.03501987361922  2  2.10016526169137  11.2001  11.7242460173998 
9.18454637661123  4  2.67033863073246  11.2001  12.9301453675923 
5.09068448997271  2  1.45747234327005  11.2001  12.4549026456437 
8.32886911992394  5  2.11042975717674  11.2001  12.8796600737155 
7.17628685635511  5  2.87994786066985  11.2001  12.3661202142029 
4.56051125987548  2  1.14232509141115  11.2001  11.7772390156091 
7.75464864563058  5  1.87426159175604  11.2001  12.8811641016559 
8.22836396771201  4  2.95231019602976  11.2001  12.0950498466886 
4.56687739014507  2  1.02533489626349  11.2001  12.2792241366169 
4.87643246853595  1  1.32343891007206  11.2001  12.2681896779636 
8.4272175261297  5  2.95130725781381  11.2001  12.7747132513922 
10.7490352467975  5  4.88764024027917  11.2001  13.3263838442982 
10.3687667936608  6  3.76056029275055  11.2001  13.2877422173593 
7.69038671704386  3  3.1591276375258  11.2001  12.8881310544359 
7.90337597327462  4  2.96077807888406  11.2001  14.7105718018416 
7.37335796515936  5  2.51367069093048  11.2001  12.7722198321994 
7.2750521739176  3  1.75997573125246  11.2001  12.7308417960475 
8.76356795570594  5  3.19079681531393  11.2001  13.1056919278882 
12.1887069711842  7  3.65742824167251  11.2001  13.7578866845066 
7.99068009766424  4  3.19313122223677  11.2001  12.3508817218064 
8.47853524712303  4  2.91109855324926  11.2001  12.1004532263586 
8.42053448056131  5  2.84529084222799  11.2001  12.4227056136908 
3.53376612519452  1  1.40998834428197  11.2001  11.1950328897776 
10.6201641412004  6  4.51429738033647  11.2001  13.81959149458 
8.02821116355548  2  2.79864783089662  11.2001  13.5571270469585 
9.76025628831818  5  2.97936031033021  11.2001  12.7297343970726 
5.71252654757158  2  1.23827780523041  11.2001  12.0377193727172 
6.86697033444543  3  2.86739961415683  11.2001  12.3555004137408 
9.70146667242328  7  3.1083583810231  11.2001  13.0741504930277 
4.30985481824159  0  1.28745728602156  11.2001  12.1390698265738 
12.6136752304303  8  5.16979489937866  11.2001  14.1953358926179 
9.358332055323  4  3.90253066124236  11.2001  13.5316266212017 
11.7111172040071  7  5.7012539699626  11.2001  13.3020303625318 
12.7084202497185  5  5.89128381147191  11.2001  14.8063942684596 
6.4552916493345  2  1.53614076907137  11.2001  12.1061721975755 
8.8110959382595  5  2.75250609950823  11.2001  12.5585472659649 
9.6563517696012  4  3.75920146046962  11.2001  13.6031836815089 
7.87639897330347  3  3.29236987785694  11.2001  13.6528233333229 
11.0018865580232  5  5.48273066228154  11.2001  13.8373625022674 
4.56339725046237  1  1.28975008132556  11.2001  11.1327509331231 
7.37267084187604  3  2.7871680575419  11.2001  12.3957291214451 
9.32297683625496  4  1.97315329065629  11.2001  12.1679210790245 
8.09302224933338  3  3.53052613144939  11.2001  13.1540049547561 
5.59538623855408  2  2.01053306543958  11.2001  12.5256649133371 
5.33633290578364  4  1.53854300068758  11.2001  11.649976733128 
12.4860846963662  8  5.21970542753451  11.2001  13.1706166939212 
8.69183311394771  4  3.02475629112449  11.2001  12.1050794695821 
6.39917604482368  4  1.96162450442684  11.2001  11.9081185439389 
7.92966885249389  5  2.9545779674303  11.2001  12.8703137092107 
8.7938620394116  3  3.2444027171651  11.2001  13.133213502251 
6.54282188235659  4  2.1410216854838  11.2001  12.2759456938379 
15.4091538974349  9  7.46458827378109  11.2001  14.6401832723737 
8.01185036720647  4  2.89475410915187  11.2001  12.8547146076248 
10.8096226558188  5  4.85832607905985  11.2001  13.4702220382848 
7.44938620384145  3  2.31152206078339  11.2001  13.363753229295 
12.6568131509785  7  5.07766900041903  11.2001  14.3143764778136 
12.6192359445075  6  6.77215694664433  11.2001  14.1692234962608 
9.15124715252905  5  3.50703116290496  11.2001  13.4548983335784 
6.34787266543176  2  1.82023309270747  11.2001  11.679207034429 
9.96213214934905  4  3.45414087044973  11.2001  13.2903436443026 
12.9226025209994  7  5.58930640865184  11.2001  13.3349597119616 
10.5870292320037  5  3.84941541736308  11.2001  13.9474026394485 
7.37983292644086  2  3.04538121504351  11.2001  13.8704745450723 
7.23945831116864  5  2.42878798306882  11.2001  12.1313569255909 
11.8697607268513  6  6.05998047850788  11.2001  14.1038396655941 
8.66962724025927  3  2.90712400710862  11.2001  12.6224690866325 
10.4305129763138  4  4.63998360719865  11.2001  14.2125120965121 
9.52046913899118  4  4.23735455141069  11.2001  13.7915663674337 
8.67585967185055  6  1.83820299398681  11.2001  12.2815486211445 
6.89799577627286  4  1.70571633576669  11.2001  12.1439098141242 
13.5195524368166  7  5.05601522885681  11.2001  14.7242270625044 
9.94853944029437  7  3.73344927933306  11.2001  12.8921247309013 
4.79505420976253  2  0.928197670781918  11.2001  12.0071963993788 
9.40549732035345  3  4.01433994744534  11.2001  12.7856105465983 
8.31482420493167  6  2.18997999940232  11.2001  12.4061385135005 
15.4641630223845  9  4.65547526396892  11.2001  15.2701759025689 
9.63551875856738  5  2.9642079740701  11.2001  12.3000221191145 
9.9964474910492  5  3.87011742232369  11.2001  13.4323352515064 
11.0470704356013  4  6.52218675911499  11.2001  14.4698775435279 
8.02550721063728  5  2.9865946366321  11.2001  13.7004621579672 
7.23640407395764  3  2.47273747210209  11.2001  11.9129021619803 
5.98298279061488  2  1.45331028288317  11.2001  11.925188794618 
6.01751032128194  3  1.85300794186269  11.2001  12.881309311113 
8.48441434579563  5  3.79604686897172  11.2001  13.8687074203189 
7.79151430647538  4  2.71265602177248  11.2001  12.091866691394 
3.5826028177637  1  0.642198764150077  11.2001  10.93579786491 
6.59728488931353  3  1.77413103661334  11.2001  12.306764487099 
9.15821041568891  3  3.28474285985191  11.2001  13.389439213537 
5.82764218673351  2  1.68512984265332  11.2001  12.7970230877765 
10.6805814403688  5  4.11560419393257  11.2001  13.8780240133612 
7.03296126788878  4  2.09638214089851  11.2001  12.726921102224 
4.37263533782888  3  0.840343681277821  11.2001  11.1192225706149 
7.91445403939558  3  2.42966273768488  11.2001  13.5539406982662 
7.91249730396418  5  2.2688849436264  11.2001  12.3867516225391 
7.61780320533055  3  2.75300721723471  11.2001  12.5296700605844 
7.43892768567377  4  1.58944093156488  11.2001  12.2405848978765 
8.6560880962953  4  3.10175819129585  11.2001  12.6549998922379 
9.44382441560817  6  3.0669862343546  11.2001  11.9356302605404 
6.07643622073336  3  1.3863315287503  11.2001  11.2688732550004 
11.9440953785481  6  4.00454146438647  11.2001  13.559006398265 
10.4460404610569  6  3.83494108123704  11.2001  13.4465954320441 
8.35024469385413  6  2.56853812758261  11.2001  13.0722276383615 
5.26105236043865  3  1.3751646427012  11.2001  10.9095719232802 
6.40649842298883  3  2.07079394338803  11.2001  12.0012952413217 
7.08717743965859  1  2.70540398785152  11.2001  13.2801624678847 
9.01880706629009  5  2.36551256232614  11.2001  12.2729303294851 
5.55319125921527  2  1.81521277707606  11.2001  11.6522073330274 
7.37933870154715  4  2.26271552135376  11.2001  12.8151807884315 
5.99125415795212  4  1.42646721060703  11.2001  11.1560136515845 
6.72599426337479  3  1.57017488018714  11.2001  12.9796433145954 
8.05243695266002  4  2.21486301337935  11.2001  12.0332619752819 
6.61534346800698  4  2.53237290345035  11.2001  12.6916990726275 
7.05305772669479  4  2.38414059553494  11.2001  12.5601703087278 
10.311129036828  6  3.73409803981486  11.2001  13.4517590478627 
9.22955550355251  7  1.94932415925874  11.2001  11.9103695106606 
10.2038579261483  6  5.4602628639436  11.2001  13.0750173833565 
8.9420795099771  4  3.9328675236061  11.2001  13.1981045945837 
8.11606137761337  4  2.58207772304071  11.2001  12.5271207285879 
8.38032726254593  4  2.77044824755482  11.2001  12.5448345516229 
7.81665512166442  4  2.68045121284121  11.2001  12.6311268464391 
7.45635587965109  3  2.28857765395077  11.2001  12.5911282625984 
8.98517664747357  4  3.65227943079761  11.2001  12.9761462240579 
6.64117558517555  3  1.56398276031377  11.2001  11.2615229513674 
6.88801511082479  3  1.92455947860109  11.2001  12.3187900738542 
11.1571213503823  5  4.97334616931106  11.2001  13.5360328369308 
8.73557304232012  7  3.00299766354641  11.2001  12.4685651750506 
7.51177073838948  4  1.95623055222742  11.2001  12.1674657854955 
9.47422667761351  5  4.04899505516231  11.2001  13.6111308068676 
5.47418251250649  2  1.58351333806838  11.2001  12.2974303399296 
8.67567625912553  3  3.05281567417445  11.2001  12.9919724451706 
8.65031617139433  4  3.47067913987809  11.2001  13.0912850382443 
8.35189963200062  5  2.75415304235402  11.2001  12.1608775130646 
7.51592453894606  3  2.91711087251935  11.2001  13.0006551716885 
7.92927440558102  3  2.85727434750766  11.2001  12.8514730863148 
4.8788176343316  1  1.08512515885116  11.2001  11.6022480208902 
11.8834225409919  7  3.69873473093137  11.2001  13.5198728708049 
6.50858405327169  4  1.81636975753754  11.2001  11.3845091563962 
10.8062848352286  6  4.39726306667265  11.2001  13.4262126256827 
10.1702065749487  5  3.7876908445228  11.2001  13.2794743797027 
7.93021811505059  5  2.88034428097587  11.2001  13.4076810351769 
6.84304036406529  4  2.27573934123215  11.2001  12.3111440820685 
6.23088062748298  3  1.86674063843418  11.2001  11.9902824687972 
9.1056012620277  3  3.37060525267438  11.2001  14.1757576156251 
9.3567539614067  5  3.08354290041867  11.2001  13.0780478917023 
7.11029251185508  5  2.03417212634909  11.2001  12.0262080598915 
7.4246323488209  4  2.15929984768364  11.2001  11.7117144455256 
14.2982016488446  9  5.46291808848782  11.2001  14.218247784754 
4.46667766008962  2  1.0653175455368  11.2001  11.8819367772526 
5.80268484256696  4  1.37719298972146  11.2001  11.3822039682595 
11.3810198280062  6  4.60581331094242  11.2001  14.0297760866493 
6.11213051205721  1  1.77965663844116  11.2001  12.485172965035 
8.81789072564558  6  3.01502509787438  11.2001  12.7006086786939 
11.4967933810672  7  4.39895222758288  11.2001  13.4920947368593 
8.14823373734637  7  2.66591292316012  11.2001  11.9909650919454 
5.45808574896408  2  1.97792298165587  11.2001  11.9817138834774 
6.57442329668323  3  1.62894490883973  11.2001  12.3718349131599 
4.70735609792158  2  1.10651269102708  11.2001  11.4148838254398 
12.2430200652961  7  5.29633457501169  11.2001  14.9051329715861 
10.5077931928576  6  5.08272598869158  11.2001  13.8118270613992 
8.58256726013674  4  3.73251726959581  11.2001  13.4529457668976 
6.63509325898361  2  2.15922136038971  11.2001  13.2070532176963 
5.3509865493237  2  1.31362354510111  11.2001  11.1173617932381 
5.02453487074151  1  1.25151233375126  11.2001  11.8736507576828 
6.4118023288632  3  2.11309848419469  11.2001  11.8430132115257 
8.33761062271106  2  3.58258299028163  11.2001  13.9497212399312 
9.79238629770566  5  3.27098072573855  11.2001  13.0156476780246 
9.35876699889194  4  3.48847473565349  11.2001  12.9714226994299 
8.05799363657563  4  3.2217289072437  11.2001  12.07187979478 
11.6109788138156  7  3.34541883265473  11.2001  13.8084340231626 
7.1805713654832  4  1.68348899358462  11.2001  12.7533453853209 
9.49108778831791  5  3.7921685149201  11.2001  12.8637044721912 
7.8653282005954  4  1.92704771698905  11.2001  12.3803682367729 
8.95701840743928  4  3.10626418792732  11.2001  12.9802791683801 
12.3322885308877  7  5.57544971778815  11.2001  13.8786569040389 
6.69758838679039  4  1.87126891868058  11.2001  12.8352728216838 
5.84424050185149  2  1.27440271088229  11.2001  11.6877305207886 
11.5622803761943  6  5.5964035797298  11.2001  14.7380001736512 
8.99339069503725  4  2.4145510104439  11.2001  13.5488758853947 
11.8029644630038  7  4.75484736696823  11.2001  13.4059271112158 
11.6269511296445  7  4.28823533065125  11.2001  13.2248076992586 
6.36078090336018  2  1.83412772703906  11.2001  11.9609143152366 
3.48064363848234  1  0.703488915052212  11.2001  11.505989053476 
7.48942833104487  2  2.61518229734259  11.2001  13.3291033582562 
7.76304457911004  5  2.40183177656894  11.2001  12.190116007063 
9.02234781405332  7  2.61606804469265  11.2001  12.9195096914237 
11.0329870307629  8  2.81366018191746  11.2001  12.9145790535916 
6.67638203197582  3  2.41619486386118  11.2001  12.8708189612447 
4.578832014406  1  1.29588205971837  11.2001  11.7862021977302 
7.3583890962459  4  1.77706481842225  11.2001  12.0942057804644 
8.00966510551342  5  3.14916925201916  11.2001  12.4148580058604 
8.73645771237877  6  3.33903580828415  11.2001  12.5718688955634 
9.01967639972089  4  3.08385824991886  11.2001  12.7311173446662 
10.6167807880091  4  3.66618533714483  11.2001  12.931058422489 
4.80977340421951  3  1.04176846307668  11.2001  11.4226764524849 
9.28938291287118  3  3.06434819849473  11.2001  13.4734910394897 
7.6381294996198  5  2.20849092277737  11.2001  12.9010496072629 
8.56399141879739  5  2.72763034987444  11.2001  12.7578012973505 
10.019319719616  5  3.87760730777288  11.2001  13.3744432489141 
3.52996564127796  2  0.690623101099914  11.2001  12.0187182102201 
6.90267511426769  3  2.36813211651707  11.2001  12.1439012097939 
9.68173224746012  5  3.30069116320215  11.2001  13.0590642497839 
8.36593914470867  5  3.20683464422096  11.2001  12.2312942638185 
5.55312745230201  3  1.60019859118868  11.2001  11.3728705536146 
7.81983715826018  3  2.23295175918351  11.2001  13.4738625082599 
10.3888971861531  6  4.80268935682998  11.2001  13.0306384919332 
9.46176493877913  4  3.23813934983983  11.2001  13.3086835293263 
9.81504916479338  5  3.11163946867212  11.2001  13.003105784541 
9.27586931233132  4  3.47817775387072  11.2001  12.7370386687097 
5.39652707127227  3  1.13687821164022  11.2001  12.0752850864059 
16.5253610556887  7  7.51067465859525  11.2001  15.1054233414538 
8.72918569032721  5  2.76633003368157  11.2001  12.6384851200408 
6.39113931123624  3  1.55767307101378  11.2001  11.7625315547001 
8.68134776368735  5  4.49638527055023  11.2001  13.5713828494081 
3.99694463173418  0  0.880359289454254  11.2001  11.5174517820444 
12.0628509165661  5  5.65316885442405  11.2001  13.8155713579035 
4.62597850323331  2  0.990216049037515  11.2001  11.6698584867033 
8.66983759077769  5  2.71470687744467  11.2001  12.9304583227629 
7.71349095053024  3  2.71373770375657  11.2001  12.458200430015 
8.02708813520675  5  2.91673575832704  11.2001  11.9253307703202 
9.10329426237217  4  4.25681780759677  11.2001  13.0843391988178 
10.7872575653344  6  4.17346154918085  11.2001  13.3715122178531 
6.90176175642444  3  2.32589795219841  11.2001  12.7663516782594 
9.58954128431823  5  4.22704764684186  11.2001  13.154250007316 
12.3810204134895  5  3.75144733226227  11.2001  14.1144735673961 
9.36452727868822  5  3.05357992177148  11.2001  13.3748357893704 
5.90335764700336  2  1.83658341656981  11.2001  11.9923167207056 
6.95100853499964  4  2.20680454689206  11.2001  13.4391060940777 
9.40352801807308  5  3.6001644232784  11.2001  12.7664001517496 
5.51824340420362  2  1.25194365700594  11.2001  12.5164771270046 
7.57154341054334  4  2.75595869872674  11.2001  12.4485964411634 
6.77918595636756  4  2.2120611442889  11.2001  12.2973932472715 
12.3927117691593  7  3.44024473013248  11.2001  13.2965161504235 
7.75301934198265  5  2.75510965159177  11.2001  12.3040615318711 
4.45372555308173  3  0.991055852023705  11.2001  11.2616722766525 
10.740701682409  5  7.23673623092215  11.2001  13.4898382651511 
8.89742340804606  5  3.58698362368605  11.2001  13.3742822555472 
5.90928120612979  3  1.48163419918114  11.2001  11.8800708749483 
10.5935820473732  6  4.65156746712489  11.2001  13.2808865871688 
6.88674952647819  4  1.73659507123833  11.2001  12.3758955502151 
9.17214556829222  5  3.12311670653716  11.2001  12.9219348472459 
10.7510177201593  6  5.37535508976406  11.2001  13.4180123816519 
8.31350153377986  5  2.92925593105057  11.2001  12.4819125292465 
13.2677826846996  7  6.13119951897973  11.2001  14.2535501259429 
6.64898971944696  3  1.70498059117406  11.2001  11.4650139754728 
6.92983301040319  4  2.01087259067671  11.2001  11.5955489957455 
12.6304558708228  5  4.30503895640263  11.2001  13.8218696208501 
8.55567606117106  4  2.65706862639122  11.2001  13.0252145781437 
8.70869131727569  5  2.77009345531799  11.2001  12.8043661860849 
8.12471128778303  4  3.45665731412687  11.2001  12.9029261710585 
7.61767194544958  3  2.89474553710245  11.2001  12.7283501299308 
12.796708144726  7  4.47465141205469  11.2001  14.3988860075749 
8.9054697020213  4  3.52848310403845  11.2001  12.5815752114831 
11.3989087289571  8  3.56757588294969  11.2001  12.511020680269 
8.15015156074119  3  3.44747727969618  11.2001  13.269562168702 
8.44270612933698  4  3.52924406279982  11.2001  12.7778585882651 
9.47653205714149  5  3.90257578916792  11.2001  12.8792904241733 
4.19190556892033  2  0.790764432250724  11.2001  10.9005820670351 
12.0733223579315  4  5.2915788464889  11.2001  14.4746416631154 
4.00824734052604  0  0.963261310954169  11.2001  11.7097495792693 
4.98636048947511  1  1.20284442419809  11.2001  11.6858665493171 
7.07968591051829  3  1.80913780223381  11.2001  11.9964247074809 
3.77405649442136  0  0.777543636674784  11.2001  10.6980233891687 
6.51903799011531  3  1.76790311053223  11.2001  11.6775593660135 
8.05596595957258  5  2.82066657012988  11.2001  12.2254714810855 
7.79096007020745  3  2.62055680185355  11.2001  13.0858280539842 
8.25193248684144  4  2.02937937532701  11.2001  12.3577976085177 
7.74906940131622  4  1.85046728795118  11.2001  12.1154791212378 
11.2223732145506  6  5.68387408649056  11.2001  14.5846909890478 
4.69597350415564  2  1.13353430154909  11.2001  10.8676988337725 
11.1337872271235  7  5.66854668650861  11.2001  13.4132600851257 
3.93992972691181  2  0.838313197951707  11.2001  11.6008701317378 
5.04340737368944  3  0.931222175347008  11.2001  11.1742206947144 
10.3021695398058  6  3.30022203332504  11.2001  13.0515538235162 
7.97476369565044  5  3.30861375999678  11.2001  13.5431292399491 
5.58547349884186  4  1.42993970886983  11.2001  11.8462211096296 
11.4865514939708  5  4.29443908124303  11.2001  13.508618477137 
6.97964032766867  4  2.68467231234068  11.2001  12.3001099520102 
8.94385691727683  5  3.06061334038767  11.2001  13.0059997290355 
7.190774885134  4  2.52920335133815  11.2001  12.4710866372453 
7.21986659413453  6  2.22162667524886  11.2001  11.7895136913959 
4.28210826167593  1  1.03734943726132  11.2001  11.1245178559264 
11.1124285712686  5  4.95812256282148  11.2001  13.5847872238916 
9.6594240931355  4  3.96106157015624  11.2001  13.6025750054593 
6.19574795193969  4  1.5413656894681  11.2001  11.810051172489 
8.51848004382853  6  3.21380393090849  11.2001  12.7923121684011 
5.2990537621445  1  1.27413045779155  11.2001  12.1372924844645 
8.56746942452902  4  3.48265302808268  11.2001  13.1349898023952 
8.07760608349564  5  2.65965081053976  11.2001  12.6095626338904 
9.50198487003614  4  2.66247738161554  11.2001  12.0255307430872 
6.73212868412068  2  2.27344745745088  11.2001  12.7421683305696 
5.69696841024367  1  1.70610989450792  11.2001  12.4040668767519 
7.36854106542985  4  2.91125631764601  11.2001  12.3165715970409 
8.43737122672136  4  2.94272411446169  11.2001  12.8315571999647 
8.50205753805444  4  2.73322924448475  11.2001  12.922026470888 
7.92646475766521  6  2.24190480369113  11.2001  12.1196627836742 
9.71142155131518  5  4.1946742237876  11.2001  13.0013903868846 
11.8094431320477  7  4.30267121321943  11.2001  13.4196319533014 
6.55881228282844  4  1.91301328911439  11.2001  12.0999377249791 
8.68860127530525  5  3.42373576395602  11.2001  12.2556227406619 
6.05864026172526  3  1.95754392882389  11.2001  11.9750980668671 
6.6577169995289  2  2.83492563342716  11.2001  12.2143868215521 
5.86045488795331  3  1.2535411904328  11.2001  11.5161363259019 
7.75623127073188  4  2.49106359469614  11.2001  12.6667510446243 
4.06765634770312  1  1.06632367639479  11.2001  11.7064354183752 
8.90304061523962  5  3.46240846766813  11.2001  12.8974960356557 
10.4971474002338  5  4.27260457675664  11.2001  13.7915822781328 
5.98299079800954  1  1.48855746301528  11.2001  12.8404249834668 
8.37590687077014  3  2.90666235908685  11.2001  13.8879957294752 
8.47425218775505  6  2.66023054763676  11.2001  11.9276471601104 
10.9780162716722  5  4.53771048647272  11.2001  13.7894695459254 
15.3582607726393  7  6.72795305449152  11.2001  15.9335903192505 
6.46365033262011  3  2.27125567994415  11.2001  12.029246747622 
7.73380599120393  3  2.44319611472619  11.2001  12.3695849288812 
9.13647192438974  4  3.42537233240409  11.2001  12.4412017130312 
9.29901716038686  4  3.16863946070161  11.2001  12.9854652720371 
5.33491658390504  2  1.40792224451029  11.2001  11.4367114282367 
12.2836118769567  6  5.02970960016529  11.2001  13.1975736665761 
9.39310727315889  6  3.74248937643829  11.2001  13.5097739383212 
9.51891854590239  5  3.59630081071242  11.2001  12.5231485119969 
8.64385485396047  4  4.81813977307956  11.2001  12.9846645536064 
8.54220810978345  4  2.59784504281531  11.2001  12.7671286163959 
9.32617979273334  6  2.5481927798238  11.2001  12.5925466485429 
6.85652091474528  5  1.66672218886347  11.2001  12.8482866113584 
6.98386573154007  3  2.68052219604791  11.2001  12.03920470471 
7.49371686018819  5  2.40826315763414  11.2001  12.2449716664581 
7.97362931007222  5  2.71392910920907  11.2001  12.3301518852453 
8.20339017982538  4  3.2385193239483  11.2001  11.9792410858028 
8.77218767223236  4  2.94976242716328  11.2001  13.2732321720527 
6.23754491002488  3  1.36393628002946  11.2001  11.7778372312862 
8.46527907391062  5  2.70422483060446  11.2001  13.0095280729056 
5.60314274915167  2  1.91345639760088  11.2001  11.0258973571205 
12.1306533342386  7  3.7682777140056  11.2001  13.4208434904422 
8.35121957952785  4  2.75272898315675  11.2001  12.8069283010273 
9.05820542788132  5  2.97335545724527  11.2001  12.7541135726399 
10.0449855485578  5  4.2115499764978  11.2001  12.4193828827809 
10.9254664837703  4  4.67836290129728  11.2001  13.2088794402628 
9.56815806106662  6  3.55633064733707  11.2001  12.941135630211 
5.79728800144555  2  1.80749500118441  11.2001  11.0293066466213 
8.70911336483203  5  2.35191982494447  11.2001  12.2163129318761 
7.49319781207371  4  1.75557029978006  11.2001  13.2484354496005 
9.46256011922178  4  4.11407360146785  11.2001  13.9146322974813 
11.8345769320278  6  5.51968792862535  11.2001  14.1334743934431 
6.25430632323955  4  1.97622401566912  11.2001  11.9472420125529 
8.38974516846852  5  2.95070234839713  11.2001  12.8992502357689 
9.82713212856448  4  4.73708137833037  11.2001  13.8821136577136 
11.4812998785707  6  5.44049614063595  11.2001  14.5533711777591 
5.62208169323948  2  1.51362554264197  11.2001  11.7013050024181 
5.44061421921215  3  1.15120203293304  11.2001  11.2333194300973 
7.33864451565345  5  2.58870404194753  11.2001  12.7519920558782 
8.09087867784925  4  2.26741606333758  11.2001  13.1735542635621 
7.7447055285446  3  3.07045001369261  11.2001  12.5548581842612 
7.02943228328903  2  1.93157564935146  11.2001  12.4748266202996 
8.9201684972119  5  2.65666835229845  11.2001  12.873843479423 
4.11160685724583  0  0.853106277505767  11.2001  11.9502443102174 
6.88416878991397  2  1.9916100755285  11.2001  12.1489013948304 
7.39357121240845  3  1.91071105823386  11.2001  12.2692045698521 
6.82727413708908  5  1.94572322281807  11.2001  12.2280278009755 
4.86610779165798  2  1.15709854029949  11.2001  11.4902507954259 
6.92442457275523  4  2.66780813285091  11.2001  11.5437713022249 
13.1774608731167  6  8.34535235881536  11.2001  14.4869031957149 
9.39197259080535  4  3.84900645597575  11.2001  13.2281173613281 
7.31038652710584  4  2.29782110178842  11.2001  12.9426376929461 
9.93929701425425  6  4.60142361928324  11.2001  13.59777512772 
5.59213979299482  2  1.18260596092895  11.2001  12.3471260551145 
10.16470018377  5  4.87268724937717  11.2001  13.0310113881366 
9.48223897284372  5  3.93054272837028  11.2001  12.6155762623474 
6.83537524703589  5  2.05815269076465  11.2001  11.6025270327342 
8.13455822324417  4  3.06254822659149  11.2001  13.2187813071189 
10.0298298781596  6  3.49937603008903  11.2001  13.076204765345 
8.79083456538178  5  3.09027762741218  11.2001  13.0115680978436 
6.44979965465267  3  1.75543310432335  11.2001  11.697202294254 
10.2657245884845  6  4.01507985783044  11.2001  14.0979091700037 
7.23339095136026  5  2.29878806697984  11.2001  12.6049472517731 
5.06164218335423  2  1.21624303840647  11.2001  11.3341017669235 
8.93605549437157  5  3.24116510754461  11.2001  12.7515263267964 
8.65239136347024  4  3.49500307110135  11.2001  12.7178448993695 
7.03637202683467  3  2.33927609521566  11.2001  12.6156353649617 
8.20203752204711  4  3.16851506112544  11.2001  13.1500551229231 
8.55011913195982  4  3.42256565896232  11.2001  13.3266608018822 
8.83349350057354  5  3.18864163742422  11.2001  12.7916847424003 
10.9760387393186  7  4.55806138127511  11.2001  13.3380645739695 
8.92605619820675  5  3.71449210581432  11.2001  13.1821859504733 
8.92291359829114  6  2.77987495232912  11.2001  12.5060255291342 
10.0685329932567  5  4.40608736564702  11.2001  13.5904814378179 
12.1369037456315  6  6.57183104764689  11.2001  13.6917505626164 
9.73103174991917  6  3.52535865441523  11.2001  12.5286735656863 
9.628479004773  7  2.82407240667308  11.2001  12.2483691473271 
6.62004166493291  5  1.58622823446635  11.2001  11.5793138839622 
8.67141661587497  5  2.75133495223815  11.2001  13.9867252277902 
9.2652584154766  3  5.62105834443212  11.2001  13.8512899921085 
9.99469787533756  6  4.03147062000343  11.2001  13.9890612445422 
9.80278769110265  4  3.9828085334929  11.2001  13.4229190469356 
8.02028393612894  3  2.79261966710951  11.2001  13.1372089766257 
9.04809127309224  5  3.74132252187784  11.2001  13.7068019353977 
6.51358406649971  3  1.80851950144809  11.2001  12.3189102073539 
6.61229380455989  4  1.67800292739614  11.2001  12.2390470072588 
10.9552527306708  5  5.31735351897482  11.2001  14.4927068913266 
6.01094482055766  3  2.01593207744225  11.2001  12.4438919929552 
5.42087527275399  3  1.22107427217366  11.2001  11.7119295559185 
6.75208633830231  5  1.8733177828635  11.2001  12.3618617235966 
5.43565340564737  4  1.41187956517497  11.2001  11.6273361670522 
9.5804754320122  5  3.65836537107661  11.2001  12.4131716107907 
10.2817305678907  5  4.5413586850267  11.2001  13.603275674743 
6.96848870021182  2  2.10773345464626  11.2001  13.4645162147077 
7.42099644987227  4  2.37373421724807  11.2001  12.4101808701084 
6.55492005499947  4  1.81505447026097  11.2001  11.5287428418398 
9.00609770989583  4  4.1053022045356  11.2001  13.0018887716832 
4.98094787866178  3  1.47309132801033  11.2001  11.3644548821762 
8.51117556534704  5  3.06733966835621  11.2001  12.6078792814555 
6.8902078520404  3  2.37173846736504  11.2001  12.1095391539585 
9.4994925123389  5  2.38431981218529  11.2001  12.8695954407328 
5.36764275787636  3  1.61609067526348  11.2001  11.5115402778213 
9.78479796822902  3  4.7208289298464  11.2001  13.5919647912997 
9.61733711376411  4  3.34456683658119  11.2001  13.5039552768432 
6.17742722979435  3  1.72368017402873  11.2001  12.1733884889247 
7.08146904476763  5  1.97605181140125  11.2001  11.3813936994892 
5.91998638435389  3  1.56484061033722  11.2001  11.8933931433679 
6.3976284518213  2  1.97219082507051  11.2001  13.0319598679963 
7.05717468969009  3  1.98273217547159  11.2001  12.5504873963943 
8.0915194885069  4  2.64066579830567  11.2001  12.2915257262875 
10.8313662351251  5  4.67994837397804  11.2001  13.4263522215557 
6.53147559190685  3  2.26338189013475  11.2001  12.0771533959241 
9.64825668662477  7  3.20326156936319  11.2001  13.3980382497496 
10.0841601533918  5  3.03037946672508  11.2001  13.4432520355716 
2.43302723733221  0  0.31812357029809  11.2001  11.0930215711772 
9.74840831803401  4  3.95801903270622  11.2001  13.2485712745657 
9.65093890835169  5  3.95762057633579  11.2001  13.0468829221038 
6.89855085478447  2  2.03024398636674  11.2001  12.7119473903946 
8.38302585097102  5  2.09079372300845  11.2001  12.1486855563987 
5.33196633887287  1  1.20463566326878  11.2001  11.4478252132257 
9.41861335095004  6  4.12908397838774  11.2001  12.5002454662305 
10.4800689453543  4  4.20577379703923  11.2001  13.3916929006807 
12.8243536636187  7  5.70962790507697  11.2001  13.522660738455 
12.2392478468933  6  6.253894323593  11.2001  13.1698752208079 
5.60013540520714  2  1.53511421605417  11.2001  11.4357188899976 
10.1267899685128  6  2.88881814466845  11.2001  12.8329491457484 
6.76278456272309  2  2.31134638198898  11.2001  12.9565208697608 
11.8653579060767  4  5.86603443214893  11.2001  16.0029293739764 
10.1318768783494  5  5.34860419002859  11.2001  14.4968312222556 
8.14918982877407  3  2.76489428482258  11.2001  12.8656367062472 
7.94523663424903  4  3.04768849708615  11.2001  12.3176332739556 
9.83118816655022  4  4.68247242925746  11.2001  13.805733473821 
5.72841094206276  2  1.36277409973717  11.2001  11.613440806265 
9.5552429106926  5  3.47851845694334  11.2001  12.9504431795469 
6.07645308604933  2  1.98847085146675  11.2001  11.7389790273792 
3.82286116808679  1  0.730411354305402  11.2001  11.7542747923171 
10.8885627269334  5  3.87842725508009  11.2001  13.2304453032075 
13.1786260705552  7  7.31216632055945  11.2001  14.5250249719646 
6.81834558247564  3  2.14804038305691  11.2001  12.4598529601108 
14.2773597941533  8  4.44301007234853  11.2001  14.3126733757129 
13.469146542075  6  5.47209218488646  11.2001  14.8252641602951 
5.47698801370617  1  1.62270841458016  11.2001  11.9974342465928 
7.0467688189143  4  3.01216906189743  11.2001  12.7115810991887 
5.15840822890606  2  1.18240811045558  11.2001  11.7168378956095 
12.2745221082721  5  4.75115524353329  11.2001  13.9088420772418 
