#  520, 560, 600, 640, 720, 760
# 520 0.8450 0.0114444309600784
# 560 0.9050 0.00927227048785787
# 600 0.9190 0.00862780389206894
# 640 0.9350 0.0077958322198467
520  0.8136
521  0.814998
522  0.816382
523  0.817752
524  0.819108
525  0.820449999999999
526  0.821778
527  0.823092
528  0.824392
529  0.825678
530  0.82695
531  0.828208
532  0.829452
533  0.830682
534  0.831898
535  0.8331
536  0.834288
537  0.835462
538  0.836622
539  0.837768
540  0.8389
541  0.840018
542  0.841122
543  0.842212
544  0.843288
545  0.84435
546  0.845397999999999
547  0.846432
548  0.847452
549  0.848458
550  0.84945
551  0.850428
552  0.851392
553  0.852342
554  0.853278
555  0.8542
556  0.855108
557  0.856002000000001
558  0.856882
559  0.857748
560  0.8586
561  0.859438
562  0.860262
563  0.861072
564  0.861868
565  0.86265
566  0.863418
567  0.864171999999999
568  0.864912
569  0.865638
570  0.86635
571  0.867048
572  0.867732
573  0.868402000000001
574  0.869058
575  0.8697
576  0.870328
577  0.870942
578  0.871542
579  0.872128
580  0.8727
581  0.873258
582  0.873802
583  0.874331999999999
584  0.874848
585  0.87535
586  0.875838
587  0.876312
588  0.876771999999999
589  0.877218
590  0.87765
591  0.878068
592  0.878472
593  0.878862
594  0.879238
595  0.8796
596  0.879948
597  0.880282
598  0.880602
599  0.880907999999999
600  0.8812
601  0.881478
602  0.881742
603  0.881992
604  0.882228
605  0.88245
606  0.882658
607  0.882852
608  0.883032
609  0.883198
610  0.883350000000001
611  0.883488
612  0.883612
613  0.883722
614  0.883818
615  0.883900000000001
616  0.883968
617  0.884022
618  0.884062
619  0.884088
620  0.8841
621  0.884098
622  0.884082
623  0.884052
624  0.884008
625  0.88395
626  0.883878
627  0.883792
628  0.883692
629  0.883578
630  0.88345
631  0.883308
632  0.883152
633  0.882982
634  0.882798
635  0.8826
636  0.882388
637  0.882162
638  0.881922
639  0.881668
640  0.8814
