#  80, 100, 120, 130, 140, 150, 160, 180, 200, 220, 240
# 80 0.6840 0.0147018366199601
# 100 0.8170 0.0122274690758145
# 120 0.9000 0.00948683298050514
# 130 0.9290 0.00812151463706124
80  0.681368
81  0.688935
82  0.696388
83  0.703727
84  0.710952
85  0.718063
86  0.72506
87  0.731943
88  0.738712
89  0.745367
90  0.751908
91  0.758335
92  0.764648
93  0.770847
94  0.776932
95  0.782903
96  0.78876
97  0.794503
98  0.800132
99  0.805647
100  0.811048
101  0.816335
102  0.821508
103  0.826567
104  0.831512
105  0.836343
106  0.84106
107  0.845663
108  0.850152
109  0.854527
110  0.858788
111  0.862935
112  0.866968
113  0.870887
114  0.874692
115  0.878383
116  0.88196
117  0.885423
118  0.888772
119  0.892007
120  0.895128
121  0.898134999999999
122  0.901028
123  0.903807
124  0.906472
125  0.909023
126  0.911459999999999
127  0.913783
128  0.915992
129  0.918087
130  0.920068
