0  0
1.5  2.06792955746023e-07
3  3.6043922083744e-06
4.5  1.88121438218249e-05
6  5.99319051686611e-05
7.5  0.000145688100775899
9  0.000298478390762767
10.5  0.000543446036637786
12  0.000907617436700097
13.5  0.00141912318199816
15  0.00210650911979599
16.5  0.00299813766735064
18  0.00412167617157279
19.5  0.00550366720106444
21  0.00716917465098105
22.5  0.00914149908820879
24  0.0114419556586829
25.5  0.0140897079931725
27  0.0171016518010139
28.5  0.0204923421793722
30  0.0242739590525251
31.5  0.0284563055668176
33  0.0330468346854802
34.5  0.0380506996419349
36  0.0434708243127301
37.5  0.0493079899566955
39  0.055560935132021
40.5  0.0622264659458143
42  0.0692995741103503
43.5  0.0767735605764492
45  0.0846401627874758
46.5  0.0928896838479632
48  0.101511122129693
49.5  0.110492300046238
51  0.119819990915622
52.5  0.129480043001067
54  0.139457499972943
55.5  0.14973671717231
57  0.160301473178877
58.5  0.171135076295083
60  0.182220465654354
61.5  0.193540306746421
63  0.205077081227027
64.5  0.216813170944119
66  0.228730936168846
67.5  0.240812788067941
69  0.253041255495308
70.5  0.265399046215429
72  0.277869102700297
73.5  0.29043465266554
75  0.30307925453073
76.5  0.315786838004198
78  0.328541740004327
79.5  0.341328736137809
81  0.354133067961048
82.5  0.36694046625414
84  0.379737170537995
85.5  0.392509945064478
87  0.40524609150712
88.5  0.417933458576392
90  0.430560448778731
91.5  0.443116022532848
93  0.455589699850389
94.5  0.467971559780934
96  0.48025223781375
97.5  0.492422921420823
99  0.50447534391743
100.5  0.516401776808244
102  0.52819502077841
103.5  0.539848395480652
105  0.551355728260947
106.5  0.562711341957033
108  0.573910041895756
109.5  0.584947102207242
111  0.595818251566049
112.5  0.606519658461829
114  0.617047916094691
115.5  0.627400026983323
117  0.63757338736717
118.5  0.647565771477354
120  0.65737531574484
121.5  0.667000503008374
123  0.676440146779041
124.5  0.685693375612981
126  0.694759617638654
127.5  0.70363858528033
129  0.712330260214905
130.5  0.720834878594959
132  0.729152916566978
133.5  0.737285076109933
135  0.745232271216009
136.5  0.752995614431975
138  0.760576403776747
139.5  0.76797611004792
141  0.77519636452746
142.5  0.782238947094419
144  0.789105774750347
145.5  0.795798890561112
147  0.802320453017004
148.5  0.80867272581137
150  0.81485806803653
151.5  0.820878924794362
153  0.826737818217742
154.5  0.832437338897951
156  0.837980137712161
157.5  0.843368918044296
159  0.8486064283918
160.5  0.853695455350183
162  0.858638816966678
163.5  0.863439356453829
165  0.868099936253475
166.5  0.872623432441229
168  0.877012729461301
169.5  0.881270715181315
171  0.885400276256619
172.5  0.889404293793494
174  0.893285639300596
175.5  0.897047170917999
177  0.900691729913194
178.5  0.904222137433483
180  0.907641191504277
181.5  0.910951664262994
183  0.914156299418278
184.5  0.917257809924573
186  0.920258875862115
187.5  0.923162142512782
189  0.925970218622243
190.5  0.928685674839317
192  0.931311042323448
193.5  0.933848811511655
195  0.936301431036427
196.5  0.938671306786332
198  0.940960801101414
199.5  0.943172232095643
201  0.945307873098993
202.5  0.94736995221196
204  0.949360651965642
205.5  0.951282109080683
207  0.953136414318737
208.5  0.954925612420287
210  0.956651702122962
211.5  0.95831663625471
213  0.959922321896427
214.5  0.961470620608949
216  0.962963348719402
217.5  0.964402277662342
219  0.965789134371123
220.5  0.967125601715314
222  0.968413318980111
223.5  0.969653882383921
225  0.970848845630492
226.5  0.971999720492149
228  0.973107977420895
229.5  0.974175046184296
231  0.975202316523279
232.5  0.976191138829058
234  0.977142824836683
235.5  0.978058648332767
237  0.978939845875095
238.5  0.979787617522049
240  0.980603127569811
